0 0.06640625 0.9951171875 0.06640625 0.99609375 0.06640625 0.9970703125 0.06640625 0.998046875 0.06640625 0.9990234375 0.06640625 0.998046875 0.06640625 0.9970703125 0.06640625 0.99609375
0 0.068359375 0.9931640625 0.0693359375 0.9931640625 0.0703125 0.9931640625 0.0712890625 0.9931640625 0.072265625 0.9931640625 0.0732421875 0.9931640625 0.07421875 0.9931640625 0.0751953125 0.9931640625 0.076171875 0.9931640625 0.0771484375 0.9931640625 0.078125 0.9931640625 0.0791015625 0.9931640625 0.080078125 0.9931640625 0.0810546875 0.9931640625 0.08203125 0.994140625 0.08203125 0.9951171875 0.08203125 0.99609375 0.08203125 0.9970703125 0.08203125 0.998046875 0.08203125 0.9990234375 0.08203125 0.998046875 0.08203125 0.9970703125 0.08203125 0.99609375 0.08203125 0.9951171875 0.08203125 0.994140625 0.0810546875 0.9931640625 0.080078125 0.9931640625 0.0791015625 0.9931640625 0.078125 0.9931640625 0.0771484375 0.9931640625 0.076171875 0.9931640625 0.0751953125 0.9931640625 0.07421875 0.9931640625 0.0732421875 0.9931640625 0.072265625 0.9931640625 0.0712890625 0.9931640625 0.0703125 0.9931640625 0.0693359375 0.9931640625
0 0.068359375 0.9775390625 0.0673828125 0.978515625 0.06640625 0.9794921875 0.06640625 0.98046875 0.06640625 0.9814453125 0.06640625 0.982421875 0.06640625 0.9833984375 0.06640625 0.984375 0.06640625 0.9853515625 0.06640625 0.986328125 0.06640625 0.9873046875 0.06640625 0.98828125 0.06640625 0.9892578125 0.06640625 0.990234375 0.06640625 0.9912109375 0.06640625 0.9921875 0.0654296875 0.9931640625 0.064453125 0.9931640625 0.0634765625 0.9931640625 0.0625 0.9931640625 0.0615234375 0.9931640625 0.060546875 0.9931640625 0.0595703125 0.9931640625 0.05859375 0.9931640625 0.0576171875 0.9931640625 0.056640625 0.9931640625 0.0556640625 0.9931640625 0.0546875 0.9931640625 0.0537109375 0.9931640625 0.052734375 0.9931640625 0.0517578125 0.994140625 0.05078125 0.9951171875 0.05078125 0.99609375 0.05078125 0.9970703125 0.05078125 0.998046875 0.05078125 0.9990234375 0.05078125 0.998046875 0.05078125 0.9970703125 0.05078125 0.99609375 0.05078125 0.9951171875 0.0517578125 0.994140625 0.052734375 0.9931640625 0.0537109375 0.9931640625 0.0546875 0.9931640625 0.0556640625 0.9931640625 0.056640625 0.9931640625 0.0576171875 0.9931640625 0.05859375 0.9931640625 0.0595703125 0.9931640625 0.060546875 0.9931640625 0.0615234375 0.9931640625 0.0625 0.9931640625 0.0634765625 0.9931640625 0.064453125 0.9931640625 0.0654296875 0.9931640625 0.06640625 0.9921875 0.06640625 0.9912109375 0.06640625 0.990234375 0.06640625 0.9892578125 0.06640625 0.98828125 0.06640625 0.9873046875 0.06640625 0.986328125 0.06640625 0.9853515625 0.06640625 0.984375 0.06640625 0.9833984375 0.06640625 0.982421875 0.06640625 0.9814453125 0.06640625 0.98046875 0.06640625 0.9794921875 0.0673828125 0.978515625 0.068359375 0.9775390625 0.0693359375 0.9775390625 0.0703125 0.9775390625 0.0712890625 0.9775390625 0.072265625 0.9775390625 0.0732421875 0.9775390625 0.07421875 0.9775390625 0.0751953125 0.9775390625 0.076171875 0.9775390625 0.0771484375 0.9775390625 0.078125 0.9775390625 0.0791015625 0.9775390625 0.080078125 0.9775390625 0.0810546875 0.9775390625 0.08203125 0.9775390625 0.0830078125 0.9775390625 0.083984375 0.9775390625 0.0849609375 0.9775390625 0.0859375 0.9775390625 0.0869140625 0.9775390625 0.087890625 0.9775390625 0.0888671875 0.9775390625 0.08984375 0.9775390625 0.0908203125 0.9775390625 0.091796875 0.9775390625 0.0927734375 0.9775390625 0.09375 0.9775390625 0.0947265625 0.9775390625 0.095703125 0.9775390625 0.0966796875 0.9775390625 0.09765625 0.9775390625 0.0986328125 0.9775390625 0.099609375 0.9775390625 0.1005859375 0.9775390625 0.1015625 0.9775390625 0.1025390625 0.9775390625 0.103515625 0.9775390625 0.1044921875 0.9775390625 0.10546875 0.9775390625 0.1064453125 0.9775390625 0.107421875 0.9775390625 0.1083984375 0.9775390625 0.109375 0.9775390625 0.1103515625 0.9775390625 0.111328125 0.9775390625 0.1123046875 0.9775390625 0.11328125 0.978515625 0.11328125 0.9794921875 0.11328125 0.98046875 0.11328125 0.9814453125 0.11328125 0.982421875 0.11328125 0.9833984375 0.11328125 0.984375 0.11328125 0.9853515625 0.11328125 0.986328125 0.11328125 0.9873046875 0.11328125 0.98828125 0.11328125 0.9892578125 0.11328125 0.990234375 0.11328125 0.9912109375 0.11328125 0.9921875 0.1142578125 0.9931640625 0.115234375 0.9931640625 0.1162109375 0.9931640625 0.1171875 0.9931640625 0.1181640625 0.9931640625 0.119140625 0.9931640625 0.1201171875 0.9931640625 0.12109375 0.9931640625 0.1220703125 0.9931640625 0.123046875 0.9931640625 0.1240234375 0.9931640625 0.125 0.9931640625 0.1259765625 0.9931640625 0.126953125 0.9931640625 0.1279296875 0.9931640625 0.12890625 0.994140625 0.12890625 0.9951171875 0.12890625 0.99609375 0.12890625 0.9970703125 0.12890625 0.998046875 0.12890625 0.9990234375 0.12890625 0.998046875 0.12890625 0.9970703125 0.12890625 0.99609375 0.12890625 0.9951171875 0.12890625 0.994140625 0.1279296875 0.9931640625 0.126953125 0.9931640625 0.1259765625 0.9931640625 0.125 0.9931640625 0.1240234375 0.9931640625 0.123046875 0.9931640625 0.1220703125 0.9931640625 0.12109375 0.9931640625 0.1201171875 0.9931640625 0.119140625 0.9931640625 0.1181640625 0.9931640625 0.1171875 0.9931640625 0.1162109375 0.9931640625 0.115234375 0.9931640625 0.1142578125 0.9931640625 0.11328125 0.9921875 0.11328125 0.9912109375 0.11328125 0.990234375 0.11328125 0.9892578125 0.11328125 0.98828125 0.11328125 0.9873046875 0.11328125 0.986328125 0.11328125 0.9853515625 0.11328125 0.984375 0.11328125 0.9833984375 0.11328125 0.982421875 0.11328125 0.9814453125 0.11328125 0.98046875 0.11328125 0.9794921875 0.11328125 0.978515625 0.1123046875 0.9775390625 0.111328125 0.9775390625 0.1103515625 0.9775390625 0.109375 0.9775390625 0.1083984375 0.9775390625 0.107421875 0.9775390625 0.1064453125 0.9775390625 0.10546875 0.9775390625 0.1044921875 0.9775390625 0.103515625 0.9775390625 0.1025390625 0.9775390625 0.1015625 0.9775390625 0.1005859375 0.9775390625 0.099609375 0.9775390625 0.0986328125 0.9775390625 0.09765625 0.9775390625 0.0966796875 0.9775390625 0.095703125 0.9775390625 0.0947265625 0.9775390625 0.09375 0.9775390625 0.0927734375 0.9775390625 0.091796875 0.9775390625 0.0908203125 0.9775390625 0.08984375 0.9775390625 0.0888671875 0.9775390625 0.087890625 0.9775390625 0.0869140625 0.9775390625 0.0859375 0.9775390625 0.0849609375 0.9775390625 0.083984375 0.9775390625 0.0830078125 0.9775390625 0.08203125 0.9775390625 0.0810546875 0.9775390625 0.080078125 0.9775390625 0.0791015625 0.9775390625 0.078125 0.9775390625 0.0771484375 0.9775390625 0.076171875 0.9775390625 0.0751953125 0.9775390625 0.07421875 0.9775390625 0.0732421875 0.9775390625 0.072265625 0.9775390625 0.0712890625 0.9775390625 0.0703125 0.9775390625 0.0693359375 0.9775390625
0 0.162109375 0.9306640625 0.1611328125 0.931640625 0.16015625 0.9326171875 0.16015625 0.93359375 0.16015625 0.9345703125 0.16015625 0.935546875 0.16015625 0.9365234375 0.16015625 0.9375 0.16015625 0.9384765625 0.16015625 0.939453125 0.16015625 0.9404296875 0.16015625 0.94140625 0.16015625 0.9423828125 0.16015625 0.943359375 0.16015625 0.9443359375 0.16015625 0.9453125 0.16015625 0.9462890625 0.16015625 0.947265625 0.16015625 0.9482421875 0.16015625 0.94921875 0.16015625 0.9501953125 0.16015625 0.951171875 0.16015625 0.9521484375 0.16015625 0.953125 0.16015625 0.9541015625 0.16015625 0.955078125 0.16015625 0.9560546875 0.16015625 0.95703125 0.16015625 0.9580078125 0.16015625 0.958984375 0.16015625 0.9599609375 0.16015625 0.9609375 0.1611328125 0.9619140625 0.162109375 0.9619140625 0.1630859375 0.9619140625 0.1640625 0.9619140625 0.1650390625 0.9619140625 0.166015625 0.9619140625 0.1669921875 0.9619140625 0.16796875 0.9619140625 0.1689453125 0.9619140625 0.169921875 0.9619140625 0.1708984375 0.9619140625 0.171875 0.9619140625 0.1728515625 0.9619140625 0.173828125 0.9619140625 0.1748046875 0.9619140625 0.17578125 0.9619140625 0.1767578125 0.9619140625 0.177734375 0.9619140625 0.1787109375 0.9619140625 0.1796875 0.9619140625 0.1806640625 0.9619140625 0.181640625 0.9619140625 0.1826171875 0.9619140625 0.18359375 0.9619140625 0.1845703125 0.9619140625 0.185546875 0.9619140625 0.1865234375 0.9619140625 0.1875 0.9619140625 0.1884765625 0.9619140625 0.189453125 0.9619140625 0.1904296875 0.9619140625 0.19140625 0.9619140625 0.19140625 0.9609375 0.19140625 0.9599609375 0.19140625 0.958984375 0.19140625 0.9580078125 0.19140625 0.95703125 0.19140625 0.9560546875 0.19140625 0.955078125 0.19140625 0.9541015625 0.19140625 0.953125 0.19140625 0.9521484375 0.19140625 0.951171875 0.19140625 0.9501953125 0.19140625 0.94921875 0.19140625 0.9482421875 0.19140625 0.947265625 0.19140625 0.9462890625 0.19140625 0.9453125 0.19140625 0.9443359375 0.19140625 0.943359375 0.19140625 0.9423828125 0.19140625 0.94140625 0.19140625 0.9404296875 0.19140625 0.939453125 0.19140625 0.9384765625 0.19140625 0.9375 0.19140625 0.9365234375 0.19140625 0.935546875 0.19140625 0.9345703125 0.19140625 0.93359375 0.19140625 0.9326171875 0.19140625 0.931640625 0.1904296875 0.9306640625 0.189453125 0.9306640625 0.1884765625 0.9306640625 0.1875 0.9306640625 0.1865234375 0.9306640625 0.185546875 0.9306640625 0.1845703125 0.9306640625 0.18359375 0.9306640625 0.1826171875 0.9306640625 0.181640625 0.9306640625 0.1806640625 0.9306640625 0.1796875 0.9306640625 0.1787109375 0.9306640625 0.177734375 0.9306640625 0.1767578125 0.9306640625 0.17578125 0.9306640625 0.1748046875 0.9306640625 0.173828125 0.9306640625 0.1728515625 0.9306640625 0.171875 0.9306640625 0.1708984375 0.9306640625 0.169921875 0.9306640625 0.1689453125 0.9306640625 0.16796875 0.9306640625 0.1669921875 0.9306640625 0.166015625 0.9306640625 0.1650390625 0.9306640625 0.1640625 0.9306640625 0.1630859375 0.9306640625
0 0.224609375 0.8837890625 0.2236328125 0.884765625 0.22265625 0.8857421875 0.22265625 0.88671875 0.22265625 0.8876953125 0.22265625 0.888671875 0.22265625 0.8896484375 0.22265625 0.890625 0.22265625 0.8916015625 0.22265625 0.892578125 0.22265625 0.8935546875 0.22265625 0.89453125 0.22265625 0.8955078125 0.22265625 0.896484375 0.22265625 0.8974609375 0.22265625 0.8984375 0.2236328125 0.8994140625 0.224609375 0.8994140625 0.2255859375 0.8994140625 0.2265625 0.8994140625 0.2275390625 0.8994140625 0.228515625 0.8994140625 0.2294921875 0.8994140625 0.23046875 0.8994140625 0.2314453125 0.8994140625 0.232421875 0.8994140625 0.2333984375 0.8994140625 0.234375 0.8994140625 0.2353515625 0.8994140625 0.236328125 0.8994140625 0.2373046875 0.8994140625 0.23828125 0.8994140625 0.23828125 0.8984375 0.23828125 0.8974609375 0.23828125 0.896484375 0.23828125 0.8955078125 0.23828125 0.89453125 0.23828125 0.8935546875 0.23828125 0.892578125 0.23828125 0.8916015625 0.23828125 0.890625 0.23828125 0.8896484375 0.23828125 0.888671875 0.23828125 0.8876953125 0.23828125 0.88671875 0.23828125 0.8857421875 0.23828125 0.884765625 0.2373046875 0.8837890625 0.236328125 0.8837890625 0.2353515625 0.8837890625 0.234375 0.8837890625 0.2333984375 0.8837890625 0.232421875 0.8837890625 0.2314453125 0.8837890625 0.23046875 0.8837890625 0.2294921875 0.8837890625 0.228515625 0.8837890625 0.2275390625 0.8837890625 0.2265625 0.8837890625 0.2255859375 0.8837890625
0 0.802734375 0.8681640625 0.8017578125 0.869140625 0.80078125 0.8701171875 0.80078125 0.87109375 0.80078125 0.8720703125 0.80078125 0.873046875 0.80078125 0.8740234375 0.80078125 0.875 0.80078125 0.8759765625 0.80078125 0.876953125 0.80078125 0.8779296875 0.80078125 0.87890625 0.80078125 0.8798828125 0.80078125 0.880859375 0.80078125 0.8818359375 0.80078125 0.8828125 0.8017578125 0.8837890625 0.802734375 0.8837890625 0.8037109375 0.8837890625 0.8046875 0.8837890625 0.8056640625 0.8837890625 0.806640625 0.8837890625 0.8076171875 0.8837890625 0.80859375 0.8837890625 0.8095703125 0.8837890625 0.810546875 0.8837890625 0.8115234375 0.8837890625 0.8125 0.8837890625 0.8134765625 0.8837890625 0.814453125 0.8837890625 0.8154296875 0.8837890625 0.81640625 0.8837890625 0.81640625 0.8828125 0.81640625 0.8818359375 0.81640625 0.880859375 0.81640625 0.8798828125 0.81640625 0.87890625 0.81640625 0.8779296875 0.81640625 0.876953125 0.81640625 0.8759765625 0.81640625 0.875 0.81640625 0.8740234375 0.81640625 0.873046875 0.81640625 0.8720703125 0.81640625 0.87109375 0.81640625 0.8701171875 0.81640625 0.869140625 0.8154296875 0.8681640625 0.814453125 0.8681640625 0.8134765625 0.8681640625 0.8125 0.8681640625 0.8115234375 0.8681640625 0.810546875 0.8681640625 0.8095703125 0.8681640625 0.80859375 0.8681640625 0.8076171875 0.8681640625 0.806640625 0.8681640625 0.8056640625 0.8681640625 0.8046875 0.8681640625 0.8037109375 0.8681640625
0 0.193359375 0.8681640625 0.1923828125 0.869140625 0.19140625 0.8701171875 0.19140625 0.87109375 0.19140625 0.8720703125 0.19140625 0.873046875 0.19140625 0.8740234375 0.19140625 0.875 0.19140625 0.8759765625 0.19140625 0.876953125 0.19140625 0.8779296875 0.19140625 0.87890625 0.19140625 0.8798828125 0.19140625 0.880859375 0.19140625 0.8818359375 0.19140625 0.8828125 0.1923828125 0.8837890625 0.193359375 0.8837890625 0.1943359375 0.8837890625 0.1953125 0.8837890625 0.1962890625 0.8837890625 0.197265625 0.8837890625 0.1982421875 0.8837890625 0.19921875 0.8837890625 0.2001953125 0.8837890625 0.201171875 0.8837890625 0.2021484375 0.8837890625 0.203125 0.8837890625 0.2041015625 0.8837890625 0.205078125 0.8837890625 0.2060546875 0.8837890625 0.20703125 0.8837890625 0.20703125 0.8828125 0.20703125 0.8818359375 0.20703125 0.880859375 0.20703125 0.8798828125 0.20703125 0.87890625 0.20703125 0.8779296875 0.20703125 0.876953125 0.20703125 0.8759765625 0.20703125 0.875 0.20703125 0.8740234375 0.20703125 0.873046875 0.20703125 0.8720703125 0.20703125 0.87109375 0.20703125 0.8701171875 0.20703125 0.869140625 0.2060546875 0.8681640625 0.205078125 0.8681640625 0.2041015625 0.8681640625 0.203125 0.8681640625 0.2021484375 0.8681640625 0.201171875 0.8681640625 0.2001953125 0.8681640625 0.19921875 0.8681640625 0.1982421875 0.8681640625 0.197265625 0.8681640625 0.1962890625 0.8681640625 0.1953125 0.8681640625 0.1943359375 0.8681640625
0 0.271484375 0.8212890625 0.2705078125 0.822265625 0.26953125 0.8232421875 0.26953125 0.82421875 0.26953125 0.8251953125 0.26953125 0.826171875 0.26953125 0.8271484375 0.26953125 0.828125 0.26953125 0.8291015625 0.26953125 0.830078125 0.26953125 0.8310546875 0.26953125 0.83203125 0.26953125 0.8330078125 0.26953125 0.833984375 0.26953125 0.8349609375 0.26953125 0.8359375 0.2705078125 0.8369140625 0.271484375 0.8369140625 0.2724609375 0.8369140625 0.2734375 0.8369140625 0.2744140625 0.8369140625 0.275390625 0.8369140625 0.2763671875 0.8369140625 0.27734375 0.8369140625 0.2783203125 0.8369140625 0.279296875 0.8369140625 0.2802734375 0.8369140625 0.28125 0.8369140625 0.2822265625 0.8369140625 0.283203125 0.8369140625 0.2841796875 0.8369140625 0.28515625 0.8369140625 0.28515625 0.8359375 0.28515625 0.8349609375 0.28515625 0.833984375 0.28515625 0.8330078125 0.28515625 0.83203125 0.28515625 0.8310546875 0.28515625 0.830078125 0.28515625 0.8291015625 0.28515625 0.828125 0.28515625 0.8271484375 0.28515625 0.826171875 0.28515625 0.8251953125 0.28515625 0.82421875 0.28515625 0.8232421875 0.28515625 0.822265625 0.2841796875 0.8212890625 0.283203125 0.8212890625 0.2822265625 0.8212890625 0.28125 0.8212890625 0.2802734375 0.8212890625 0.279296875 0.8212890625 0.2783203125 0.8212890625 0.27734375 0.8212890625 0.2763671875 0.8212890625 0.275390625 0.8212890625 0.2744140625 0.8212890625 0.2734375 0.8212890625 0.2724609375 0.8212890625
0 0.162109375 0.7900390625 0.1611328125 0.791015625 0.16015625 0.7919921875 0.16015625 0.79296875 0.16015625 0.7939453125 0.16015625 0.794921875 0.16015625 0.7958984375 0.16015625 0.796875 0.16015625 0.7978515625 0.16015625 0.798828125 0.16015625 0.7998046875 0.16015625 0.80078125 0.16015625 0.8017578125 0.16015625 0.802734375 0.16015625 0.8037109375 0.16015625 0.8046875 0.1611328125 0.8056640625 0.162109375 0.8056640625 0.1630859375 0.8056640625 0.1640625 0.8056640625 0.1650390625 0.8056640625 0.166015625 0.8056640625 0.1669921875 0.8056640625 0.16796875 0.8056640625 0.1689453125 0.8056640625 0.169921875 0.8056640625 0.1708984375 0.8056640625 0.171875 0.8056640625 0.1728515625 0.8056640625 0.173828125 0.8056640625 0.1748046875 0.8056640625 0.17578125 0.8056640625 0.17578125 0.8046875 0.17578125 0.8037109375 0.17578125 0.802734375 0.17578125 0.8017578125 0.17578125 0.80078125 0.17578125 0.7998046875 0.17578125 0.798828125 0.17578125 0.7978515625 0.17578125 0.796875 0.17578125 0.7958984375 0.17578125 0.794921875 0.17578125 0.7939453125 0.17578125 0.79296875 0.17578125 0.7919921875 0.17578125 0.791015625 0.1748046875 0.7900390625 0.173828125 0.7900390625 0.1728515625 0.7900390625 0.171875 0.7900390625 0.1708984375 0.7900390625 0.169921875 0.7900390625 0.1689453125 0.7900390625 0.16796875 0.7900390625 0.1669921875 0.7900390625 0.166015625 0.7900390625 0.1650390625 0.7900390625 0.1640625 0.7900390625 0.1630859375 0.7900390625
0 0.755859375 0.5869140625 0.7548828125 0.587890625 0.75390625 0.5888671875 0.75390625 0.58984375 0.75390625 0.5908203125 0.75390625 0.591796875 0.75390625 0.5927734375 0.75390625 0.59375 0.75390625 0.5947265625 0.75390625 0.595703125 0.75390625 0.5966796875 0.75390625 0.59765625 0.75390625 0.5986328125 0.75390625 0.599609375 0.75390625 0.6005859375 0.75390625 0.6015625 0.7548828125 0.6025390625 0.755859375 0.6025390625 0.7568359375 0.6025390625 0.7578125 0.6025390625 0.7587890625 0.6025390625 0.759765625 0.6025390625 0.7607421875 0.6025390625 0.76171875 0.6025390625 0.7626953125 0.6025390625 0.763671875 0.6025390625 0.7646484375 0.6025390625 0.765625 0.6025390625 0.7666015625 0.6025390625 0.767578125 0.6025390625 0.7685546875 0.6025390625 0.76953125 0.6025390625 0.76953125 0.6015625 0.76953125 0.6005859375 0.76953125 0.599609375 0.76953125 0.5986328125 0.76953125 0.59765625 0.76953125 0.5966796875 0.76953125 0.595703125 0.76953125 0.5947265625 0.76953125 0.59375 0.76953125 0.5927734375 0.76953125 0.591796875 0.76953125 0.5908203125 0.76953125 0.58984375 0.76953125 0.5888671875 0.76953125 0.587890625 0.7685546875 0.5869140625 0.767578125 0.5869140625 0.7666015625 0.5869140625 0.765625 0.5869140625 0.7646484375 0.5869140625 0.763671875 0.5869140625 0.7626953125 0.5869140625 0.76171875 0.5869140625 0.7607421875 0.5869140625 0.759765625 0.5869140625 0.7587890625 0.5869140625 0.7578125 0.5869140625 0.7568359375 0.5869140625
0 0.037109375 0.5556640625 0.0361328125 0.556640625 0.03515625 0.5576171875 0.03515625 0.55859375 0.03515625 0.5595703125 0.03515625 0.560546875 0.03515625 0.5615234375 0.03515625 0.5625 0.03515625 0.5634765625 0.03515625 0.564453125 0.03515625 0.5654296875 0.03515625 0.56640625 0.03515625 0.5673828125 0.03515625 0.568359375 0.03515625 0.5693359375 0.03515625 0.5703125 0.0361328125 0.5712890625 0.037109375 0.5712890625 0.0380859375 0.5712890625 0.0390625 0.5712890625 0.0400390625 0.5712890625 0.041015625 0.5712890625 0.0419921875 0.5712890625 0.04296875 0.5712890625 0.0439453125 0.5712890625 0.044921875 0.5712890625 0.0458984375 0.5712890625 0.046875 0.5712890625 0.0478515625 0.5712890625 0.048828125 0.5712890625 0.0498046875 0.5712890625 0.05078125 0.5712890625 0.0517578125 0.5712890625 0.052734375 0.5712890625 0.0537109375 0.5712890625 0.0546875 0.5712890625 0.0556640625 0.5712890625 0.056640625 0.5712890625 0.0576171875 0.5712890625 0.05859375 0.5712890625 0.0595703125 0.5712890625 0.060546875 0.5712890625 0.0615234375 0.5712890625 0.0625 0.5712890625 0.0634765625 0.5712890625 0.064453125 0.5712890625 0.0654296875 0.5712890625 0.06640625 0.5712890625 0.06640625 0.5703125 0.06640625 0.5693359375 0.06640625 0.568359375 0.06640625 0.5673828125 0.06640625 0.56640625 0.06640625 0.5654296875 0.06640625 0.564453125 0.06640625 0.5634765625 0.06640625 0.5625 0.06640625 0.5615234375 0.06640625 0.560546875 0.06640625 0.5595703125 0.06640625 0.55859375 0.06640625 0.5576171875 0.06640625 0.556640625 0.0654296875 0.5556640625 0.064453125 0.5556640625 0.0634765625 0.5556640625 0.0625 0.5556640625 0.0615234375 0.5556640625 0.060546875 0.5556640625 0.0595703125 0.5556640625 0.05859375 0.5556640625 0.0576171875 0.5556640625 0.056640625 0.5556640625 0.0556640625 0.5556640625 0.0546875 0.5556640625 0.0537109375 0.5556640625 0.052734375 0.5556640625 0.0517578125 0.5556640625 0.05078125 0.5556640625 0.0498046875 0.5556640625 0.048828125 0.5556640625 0.0478515625 0.5556640625 0.046875 0.5556640625 0.0458984375 0.5556640625 0.044921875 0.5556640625 0.0439453125 0.5556640625 0.04296875 0.5556640625 0.0419921875 0.5556640625 0.041015625 0.5556640625 0.0400390625 0.5556640625 0.0390625 0.5556640625 0.0380859375 0.5556640625
0 0.115234375 0.5087890625 0.1142578125 0.509765625 0.11328125 0.5107421875 0.11328125 0.51171875 0.11328125 0.5126953125 0.11328125 0.513671875 0.11328125 0.5146484375 0.11328125 0.515625 0.11328125 0.5166015625 0.11328125 0.517578125 0.11328125 0.5185546875 0.11328125 0.51953125 0.11328125 0.5205078125 0.11328125 0.521484375 0.11328125 0.5224609375 0.11328125 0.5234375 0.1142578125 0.5244140625 0.115234375 0.5244140625 0.1162109375 0.5244140625 0.1171875 0.5244140625 0.1181640625 0.5244140625 0.119140625 0.5244140625 0.1201171875 0.5244140625 0.12109375 0.5244140625 0.1220703125 0.5244140625 0.123046875 0.5244140625 0.1240234375 0.5244140625 0.125 0.5244140625 0.1259765625 0.5244140625 0.126953125 0.5244140625 0.1279296875 0.5244140625 0.12890625 0.5244140625 0.1298828125 0.5244140625 0.130859375 0.5244140625 0.1318359375 0.5244140625 0.1328125 0.5244140625 0.1337890625 0.5244140625 0.134765625 0.5244140625 0.1357421875 0.5244140625 0.13671875 0.5244140625 0.1376953125 0.5244140625 0.138671875 0.5244140625 0.1396484375 0.5244140625 0.140625 0.5244140625 0.1416015625 0.5244140625 0.142578125 0.5244140625 0.1435546875 0.5244140625 0.14453125 0.5244140625 0.14453125 0.5234375 0.14453125 0.5224609375 0.14453125 0.521484375 0.14453125 0.5205078125 0.14453125 0.51953125 0.14453125 0.5185546875 0.14453125 0.517578125 0.14453125 0.5166015625 0.14453125 0.515625 0.14453125 0.5146484375 0.14453125 0.513671875 0.14453125 0.5126953125 0.14453125 0.51171875 0.14453125 0.5107421875 0.14453125 0.509765625 0.1435546875 0.5087890625 0.142578125 0.5087890625 0.1416015625 0.5087890625 0.140625 0.5087890625 0.1396484375 0.5087890625 0.138671875 0.5087890625 0.1376953125 0.5087890625 0.13671875 0.5087890625 0.1357421875 0.5087890625 0.134765625 0.5087890625 0.1337890625 0.5087890625 0.1328125 0.5087890625 0.1318359375 0.5087890625 0.130859375 0.5087890625 0.1298828125 0.5087890625 0.12890625 0.5087890625 0.1279296875 0.5087890625 0.126953125 0.5087890625 0.1259765625 0.5087890625 0.125 0.5087890625 0.1240234375 0.5087890625 0.123046875 0.5087890625 0.1220703125 0.5087890625 0.12109375 0.5087890625 0.1201171875 0.5087890625 0.119140625 0.5087890625 0.1181640625 0.5087890625 0.1171875 0.5087890625 0.1162109375 0.5087890625
0 0.240234375 0.4150390625 0.2392578125 0.416015625 0.23828125 0.4169921875 0.23828125 0.41796875 0.23828125 0.4189453125 0.23828125 0.419921875 0.23828125 0.4208984375 0.23828125 0.421875 0.23828125 0.4228515625 0.23828125 0.423828125 0.23828125 0.4248046875 0.23828125 0.42578125 0.23828125 0.4267578125 0.23828125 0.427734375 0.23828125 0.4287109375 0.23828125 0.4296875 0.2373046875 0.4306640625 0.236328125 0.4306640625 0.2353515625 0.4306640625 0.234375 0.4306640625 0.2333984375 0.4306640625 0.232421875 0.4306640625 0.2314453125 0.4306640625 0.23046875 0.4306640625 0.2294921875 0.4306640625 0.228515625 0.4306640625 0.2275390625 0.4306640625 0.2265625 0.4306640625 0.2255859375 0.4306640625 0.224609375 0.4306640625 0.2236328125 0.431640625 0.22265625 0.4326171875 0.22265625 0.43359375 0.22265625 0.4345703125 0.22265625 0.435546875 0.22265625 0.4365234375 0.22265625 0.4375 0.22265625 0.4384765625 0.22265625 0.439453125 0.22265625 0.4404296875 0.22265625 0.44140625 0.22265625 0.4423828125 0.22265625 0.443359375 0.22265625 0.4443359375 0.22265625 0.4453125 0.22265625 0.4462890625 0.22265625 0.447265625 0.22265625 0.4482421875 0.22265625 0.44921875 0.22265625 0.4501953125 0.22265625 0.451171875 0.22265625 0.4521484375 0.22265625 0.453125 0.22265625 0.4541015625 0.22265625 0.455078125 0.22265625 0.4560546875 0.22265625 0.45703125 0.22265625 0.4580078125 0.22265625 0.458984375 0.22265625 0.4599609375 0.22265625 0.4609375 0.2236328125 0.4619140625 0.224609375 0.4619140625 0.2255859375 0.4619140625 0.2265625 0.4619140625 0.2275390625 0.4619140625 0.228515625 0.4619140625 0.2294921875 0.4619140625 0.23046875 0.4619140625 0.2314453125 0.4619140625 0.232421875 0.4619140625 0.2333984375 0.4619140625 0.234375 0.4619140625 0.2353515625 0.4619140625 0.236328125 0.4619140625 0.2373046875 0.4619140625 0.23828125 0.4619140625 0.23828125 0.4609375 0.23828125 0.4599609375 0.23828125 0.458984375 0.23828125 0.4580078125 0.23828125 0.45703125 0.23828125 0.4560546875 0.23828125 0.455078125 0.23828125 0.4541015625 0.23828125 0.453125 0.23828125 0.4521484375 0.23828125 0.451171875 0.23828125 0.4501953125 0.23828125 0.44921875 0.23828125 0.4482421875 0.23828125 0.447265625 0.23828125 0.4462890625 0.23828125 0.4453125 0.23828125 0.4443359375 0.23828125 0.443359375 0.23828125 0.4423828125 0.23828125 0.44140625 0.23828125 0.4404296875 0.23828125 0.439453125 0.23828125 0.4384765625 0.23828125 0.4375 0.23828125 0.4365234375 0.23828125 0.435546875 0.23828125 0.4345703125 0.23828125 0.43359375 0.23828125 0.4326171875 0.23828125 0.43359375 0.23828125 0.4345703125 0.23828125 0.435546875 0.23828125 0.4365234375 0.23828125 0.4375 0.23828125 0.4384765625 0.23828125 0.439453125 0.23828125 0.4404296875 0.23828125 0.44140625 0.23828125 0.4423828125 0.23828125 0.443359375 0.23828125 0.4443359375 0.23828125 0.4453125 0.23828125 0.4462890625 0.23828125 0.447265625 0.23828125 0.4482421875 0.23828125 0.44921875 0.23828125 0.4501953125 0.23828125 0.451171875 0.23828125 0.4521484375 0.23828125 0.453125 0.23828125 0.4541015625 0.23828125 0.455078125 0.23828125 0.4560546875 0.23828125 0.45703125 0.23828125 0.4580078125 0.23828125 0.458984375 0.23828125 0.4599609375 0.23828125 0.4609375 0.2373046875 0.4619140625 0.236328125 0.4619140625 0.2353515625 0.4619140625 0.234375 0.4619140625 0.2333984375 0.4619140625 0.232421875 0.4619140625 0.2314453125 0.4619140625 0.23046875 0.4619140625 0.2294921875 0.4619140625 0.228515625 0.4619140625 0.2275390625 0.4619140625 0.2265625 0.4619140625 0.2255859375 0.4619140625 0.224609375 0.4619140625 0.2236328125 0.4619140625 0.22265625 0.4609375 0.22265625 0.4599609375 0.22265625 0.458984375 0.22265625 0.4580078125 0.22265625 0.45703125 0.22265625 0.4560546875 0.22265625 0.455078125 0.22265625 0.4541015625 0.22265625 0.453125 0.22265625 0.4521484375 0.22265625 0.451171875 0.22265625 0.4501953125 0.22265625 0.44921875 0.22265625 0.4482421875 0.22265625 0.447265625 0.22265625 0.4462890625 0.22265625 0.4453125 0.22265625 0.4443359375 0.22265625 0.443359375 0.22265625 0.4423828125 0.22265625 0.44140625 0.22265625 0.4404296875 0.22265625 0.439453125 0.22265625 0.4384765625 0.22265625 0.4375 0.22265625 0.4365234375 0.22265625 0.435546875 0.22265625 0.4345703125 0.22265625 0.43359375 0.22265625 0.4326171875 0.2236328125 0.431640625 0.224609375 0.4306640625 0.2255859375 0.4306640625 0.2265625 0.4306640625 0.2275390625 0.4306640625 0.228515625 0.4306640625 0.2294921875 0.4306640625 0.23046875 0.4306640625 0.2314453125 0.4306640625 0.232421875 0.4306640625 0.2333984375 0.4306640625 0.234375 0.4306640625 0.2353515625 0.4306640625 0.236328125 0.4306640625 0.2373046875 0.4306640625 0.23828125 0.4296875 0.23828125 0.4287109375 0.23828125 0.427734375 0.23828125 0.4267578125 0.23828125 0.42578125 0.23828125 0.4248046875 0.23828125 0.423828125 0.23828125 0.4228515625 0.23828125 0.421875 0.23828125 0.4208984375 0.23828125 0.419921875 0.23828125 0.4189453125 0.23828125 0.41796875 0.23828125 0.4169921875 0.2392578125 0.416015625 0.240234375 0.4150390625 0.2412109375 0.4150390625 0.2421875 0.4150390625 0.2431640625 0.4150390625 0.244140625 0.4150390625 0.2451171875 0.4150390625 0.24609375 0.4150390625 0.2470703125 0.4150390625 0.248046875 0.4150390625 0.2490234375 0.4150390625 0.25 0.4150390625 0.2509765625 0.4150390625 0.251953125 0.4150390625 0.2529296875 0.4150390625 0.25390625 0.416015625 0.25390625 0.4169921875 0.25390625 0.41796875 0.25390625 0.4189453125 0.25390625 0.419921875 0.25390625 0.4208984375 0.25390625 0.421875 0.25390625 0.4228515625 0.25390625 0.423828125 0.25390625 0.4248046875 0.25390625 0.42578125 0.25390625 0.4267578125 0.25390625 0.427734375 0.25390625 0.4287109375 0.25390625 0.4296875 0.2529296875 0.4306640625 0.251953125 0.4306640625 0.2509765625 0.4306640625 0.25 0.4306640625 0.2490234375 0.4306640625 0.248046875 0.4306640625 0.2470703125 0.4306640625 0.24609375 0.4306640625 0.2451171875 0.4306640625 0.244140625 0.4306640625 0.2431640625 0.4306640625 0.2421875 0.4306640625 0.2412109375 0.4306640625 0.240234375 0.4306640625 0.2412109375 0.4306640625 0.2421875 0.4306640625 0.2431640625 0.4306640625 0.244140625 0.4306640625 0.2451171875 0.4306640625 0.24609375 0.4306640625 0.2470703125 0.4306640625 0.248046875 0.4306640625 0.2490234375 0.4306640625 0.25 0.4306640625 0.2509765625 0.4306640625 0.251953125 0.4306640625 0.2529296875 0.4306640625 0.25390625 0.4306640625 0.25390625 0.4296875 0.25390625 0.4287109375 0.25390625 0.427734375 0.25390625 0.4267578125 0.25390625 0.42578125 0.25390625 0.4248046875 0.25390625 0.423828125 0.25390625 0.4228515625 0.25390625 0.421875 0.25390625 0.4208984375 0.25390625 0.419921875 0.25390625 0.4189453125 0.25390625 0.41796875 0.25390625 0.4169921875 0.25390625 0.416015625 0.2529296875 0.4150390625 0.251953125 0.4150390625 0.2509765625 0.4150390625 0.25 0.4150390625 0.2490234375 0.4150390625 0.248046875 0.4150390625 0.2470703125 0.4150390625 0.24609375 0.4150390625 0.2451171875 0.4150390625 0.244140625 0.4150390625 0.2431640625 0.4150390625 0.2421875 0.4150390625 0.2412109375 0.4150390625
0 0.162109375 0.4150390625 0.1611328125 0.416015625 0.16015625 0.4169921875 0.16015625 0.41796875 0.16015625 0.4189453125 0.16015625 0.419921875 0.16015625 0.4208984375 0.16015625 0.421875 0.16015625 0.4228515625 0.16015625 0.423828125 0.16015625 0.4248046875 0.16015625 0.42578125 0.16015625 0.4267578125 0.16015625 0.427734375 0.16015625 0.4287109375 0.16015625 0.4296875 0.16015625 0.4306640625 0.16015625 0.431640625 0.16015625 0.4326171875 0.16015625 0.43359375 0.16015625 0.4345703125 0.16015625 0.435546875 0.16015625 0.4365234375 0.16015625 0.4375 0.16015625 0.4384765625 0.16015625 0.439453125 0.16015625 0.4404296875 0.16015625 0.44140625 0.16015625 0.4423828125 0.16015625 0.443359375 0.16015625 0.4443359375 0.16015625 0.4453125 0.1611328125 0.4462890625 0.162109375 0.4462890625 0.1630859375 0.4462890625 0.1640625 0.4462890625 0.1650390625 0.4462890625 0.166015625 0.4462890625 0.1669921875 0.4462890625 0.16796875 0.4462890625 0.1689453125 0.4462890625 0.169921875 0.4462890625 0.1708984375 0.4462890625 0.171875 0.4462890625 0.1728515625 0.4462890625 0.173828125 0.4462890625 0.1748046875 0.4462890625 0.17578125 0.447265625 0.17578125 0.4482421875 0.17578125 0.44921875 0.17578125 0.4501953125 0.17578125 0.451171875 0.17578125 0.4521484375 0.17578125 0.453125 0.17578125 0.4541015625 0.17578125 0.455078125 0.17578125 0.4560546875 0.17578125 0.45703125 0.17578125 0.4580078125 0.17578125 0.458984375 0.17578125 0.4599609375 0.17578125 0.4609375 0.1767578125 0.4619140625 0.177734375 0.4619140625 0.1787109375 0.4619140625 0.1796875 0.4619140625 0.1806640625 0.4619140625 0.181640625 0.4619140625 0.1826171875 0.4619140625 0.18359375 0.4619140625 0.1845703125 0.4619140625 0.185546875 0.4619140625 0.1865234375 0.4619140625 0.1875 0.4619140625 0.1884765625 0.4619140625 0.189453125 0.4619140625 0.1904296875 0.4619140625 0.19140625 0.4619140625 0.1923828125 0.4619140625 0.193359375 0.4619140625 0.1943359375 0.4619140625 0.1953125 0.4619140625 0.1962890625 0.4619140625 0.197265625 0.4619140625 0.1982421875 0.4619140625 0.19921875 0.4619140625 0.2001953125 0.4619140625 0.201171875 0.4619140625 0.2021484375 0.4619140625 0.203125 0.4619140625 0.2041015625 0.4619140625 0.205078125 0.4619140625 0.2060546875 0.4619140625 0.20703125 0.4619140625 0.20703125 0.4609375 0.20703125 0.4599609375 0.20703125 0.458984375 0.20703125 0.4580078125 0.20703125 0.45703125 0.20703125 0.4560546875 0.20703125 0.455078125 0.20703125 0.4541015625 0.20703125 0.453125 0.20703125 0.4521484375 0.20703125 0.451171875 0.20703125 0.4501953125 0.20703125 0.44921875 0.20703125 0.4482421875 0.20703125 0.447265625 0.2060546875 0.4462890625 0.205078125 0.4462890625 0.2041015625 0.4462890625 0.203125 0.4462890625 0.2021484375 0.4462890625 0.201171875 0.4462890625 0.2001953125 0.4462890625 0.19921875 0.4462890625 0.1982421875 0.4462890625 0.197265625 0.4462890625 0.1962890625 0.4462890625 0.1953125 0.4462890625 0.1943359375 0.4462890625 0.193359375 0.4462890625 0.1923828125 0.4462890625 0.19140625 0.4453125 0.19140625 0.4443359375 0.19140625 0.443359375 0.19140625 0.4423828125 0.19140625 0.44140625 0.19140625 0.4404296875 0.19140625 0.439453125 0.19140625 0.4384765625 0.19140625 0.4375 0.19140625 0.4365234375 0.19140625 0.435546875 0.19140625 0.4345703125 0.19140625 0.43359375 0.19140625 0.4326171875 0.19140625 0.431640625 0.19140625 0.4306640625 0.19140625 0.4296875 0.19140625 0.4287109375 0.19140625 0.427734375 0.19140625 0.4267578125 0.19140625 0.42578125 0.19140625 0.4248046875 0.19140625 0.423828125 0.19140625 0.4228515625 0.19140625 0.421875 0.19140625 0.4208984375 0.19140625 0.419921875 0.19140625 0.4189453125 0.19140625 0.41796875 0.19140625 0.4169921875 0.19140625 0.416015625 0.1904296875 0.4150390625 0.189453125 0.4150390625 0.1884765625 0.4150390625 0.1875 0.4150390625 0.1865234375 0.4150390625 0.185546875 0.4150390625 0.1845703125 0.4150390625 0.18359375 0.4150390625 0.1826171875 0.4150390625 0.181640625 0.4150390625 0.1806640625 0.4150390625 0.1796875 0.4150390625 0.1787109375 0.4150390625 0.177734375 0.4150390625 0.1767578125 0.4150390625 0.17578125 0.4150390625 0.1748046875 0.4150390625 0.173828125 0.4150390625 0.1728515625 0.4150390625 0.171875 0.4150390625 0.1708984375 0.4150390625 0.169921875 0.4150390625 0.1689453125 0.4150390625 0.16796875 0.4150390625 0.1669921875 0.4150390625 0.166015625 0.4150390625 0.1650390625 0.4150390625 0.1640625 0.4150390625 0.1630859375 0.4150390625
0 0.0 0.3994140625 0.0009765625 0.3994140625 0.001953125 0.3994140625 0.0029296875 0.3994140625 0.00390625 0.400390625 0.00390625 0.4013671875 0.00390625 0.40234375 0.00390625 0.4033203125 0.00390625 0.404296875 0.00390625 0.4052734375 0.00390625 0.40625 0.00390625 0.4072265625 0.00390625 0.408203125 0.00390625 0.4091796875 0.00390625 0.41015625 0.00390625 0.4111328125 0.00390625 0.412109375 0.00390625 0.4130859375 0.00390625 0.4140625 0.0029296875 0.4150390625 0.001953125 0.4150390625 0.0009765625 0.4150390625 0.0 0.4150390625 0.0009765625 0.4150390625 0.001953125 0.4150390625 0.0029296875 0.4150390625 0.00390625 0.4150390625 0.00390625 0.4140625 0.00390625 0.4130859375 0.00390625 0.412109375 0.00390625 0.4111328125 0.00390625 0.41015625 0.00390625 0.4091796875 0.00390625 0.408203125 0.00390625 0.4072265625 0.00390625 0.40625 0.00390625 0.4052734375 0.00390625 0.404296875 0.00390625 0.4033203125 0.00390625 0.40234375 0.00390625 0.4013671875 0.00390625 0.400390625 0.0029296875 0.3994140625 0.001953125 0.3994140625 0.0009765625 0.3994140625
0 0.318359375 0.3056640625 0.3173828125 0.306640625 0.31640625 0.3076171875 0.31640625 0.30859375 0.31640625 0.3095703125 0.31640625 0.310546875 0.31640625 0.3115234375 0.31640625 0.3125 0.31640625 0.3134765625 0.31640625 0.314453125 0.31640625 0.3154296875 0.31640625 0.31640625 0.31640625 0.3173828125 0.31640625 0.318359375 0.31640625 0.3193359375 0.31640625 0.3203125 0.3173828125 0.3212890625 0.318359375 0.3212890625 0.3193359375 0.3212890625 0.3203125 0.3212890625 0.3212890625 0.3212890625 0.322265625 0.3212890625 0.3232421875 0.3212890625 0.32421875 0.3212890625 0.3251953125 0.3212890625 0.326171875 0.3212890625 0.3271484375 0.3212890625 0.328125 0.3212890625 0.3291015625 0.3212890625 0.330078125 0.3212890625 0.3310546875 0.3212890625 0.33203125 0.3212890625 0.33203125 0.3203125 0.33203125 0.3193359375 0.33203125 0.318359375 0.33203125 0.3173828125 0.33203125 0.31640625 0.33203125 0.3154296875 0.33203125 0.314453125 0.33203125 0.3134765625 0.33203125 0.3125 0.33203125 0.3115234375 0.33203125 0.310546875 0.33203125 0.3095703125 0.33203125 0.30859375 0.33203125 0.3076171875 0.33203125 0.306640625 0.3310546875 0.3056640625 0.330078125 0.3056640625 0.3291015625 0.3056640625 0.328125 0.3056640625 0.3271484375 0.3056640625 0.326171875 0.3056640625 0.3251953125 0.3056640625 0.32421875 0.3056640625 0.3232421875 0.3056640625 0.322265625 0.3056640625 0.3212890625 0.3056640625 0.3203125 0.3056640625 0.3193359375 0.3056640625
0 0.162109375 0.2275390625 0.1611328125 0.228515625 0.16015625 0.2294921875 0.16015625 0.23046875 0.16015625 0.2314453125 0.16015625 0.232421875 0.16015625 0.2333984375 0.16015625 0.234375 0.16015625 0.2353515625 0.16015625 0.236328125 0.16015625 0.2373046875 0.16015625 0.23828125 0.16015625 0.2392578125 0.16015625 0.240234375 0.16015625 0.2412109375 0.16015625 0.2421875 0.16015625 0.2431640625 0.16015625 0.244140625 0.16015625 0.2451171875 0.16015625 0.24609375 0.16015625 0.2470703125 0.16015625 0.248046875 0.16015625 0.2490234375 0.16015625 0.25 0.16015625 0.2509765625 0.16015625 0.251953125 0.16015625 0.2529296875 0.16015625 0.25390625 0.16015625 0.2548828125 0.16015625 0.255859375 0.16015625 0.2568359375 0.16015625 0.2578125 0.1591796875 0.2587890625 0.158203125 0.2587890625 0.1572265625 0.2587890625 0.15625 0.2587890625 0.1552734375 0.2587890625 0.154296875 0.2587890625 0.1533203125 0.2587890625 0.15234375 0.2587890625 0.1513671875 0.2587890625 0.150390625 0.2587890625 0.1494140625 0.2587890625 0.1484375 0.2587890625 0.1474609375 0.2587890625 0.146484375 0.2587890625 0.1455078125 0.259765625 0.14453125 0.2607421875 0.14453125 0.26171875 0.14453125 0.2626953125 0.14453125 0.263671875 0.14453125 0.2646484375 0.14453125 0.265625 0.14453125 0.2666015625 0.14453125 0.267578125 0.14453125 0.2685546875 0.14453125 0.26953125 0.14453125 0.2705078125 0.14453125 0.271484375 0.14453125 0.2724609375 0.14453125 0.2734375 0.1455078125 0.2744140625 0.146484375 0.2744140625 0.1474609375 0.2744140625 0.1484375 0.2744140625 0.1494140625 0.2744140625 0.150390625 0.2744140625 0.1513671875 0.2744140625 0.15234375 0.2744140625 0.1533203125 0.2744140625 0.154296875 0.2744140625 0.1552734375 0.2744140625 0.15625 0.2744140625 0.1572265625 0.2744140625 0.158203125 0.2744140625 0.1591796875 0.2744140625 0.16015625 0.2744140625 0.1611328125 0.2744140625 0.162109375 0.2744140625 0.1630859375 0.2744140625 0.1640625 0.2744140625 0.1650390625 0.2744140625 0.166015625 0.2744140625 0.1669921875 0.2744140625 0.16796875 0.2744140625 0.1689453125 0.2744140625 0.169921875 0.2744140625 0.1708984375 0.2744140625 0.171875 0.2744140625 0.1728515625 0.2744140625 0.173828125 0.2744140625 0.1748046875 0.2744140625 0.17578125 0.2744140625 0.17578125 0.2734375 0.17578125 0.2724609375 0.17578125 0.271484375 0.17578125 0.2705078125 0.17578125 0.26953125 0.17578125 0.2685546875 0.17578125 0.267578125 0.17578125 0.2666015625 0.17578125 0.265625 0.17578125 0.2646484375 0.17578125 0.263671875 0.17578125 0.2626953125 0.17578125 0.26171875 0.17578125 0.2607421875 0.17578125 0.259765625 0.17578125 0.2587890625 0.17578125 0.2578125 0.17578125 0.2568359375 0.17578125 0.255859375 0.17578125 0.2548828125 0.17578125 0.25390625 0.17578125 0.2529296875 0.17578125 0.251953125 0.17578125 0.2509765625 0.17578125 0.25 0.17578125 0.2490234375 0.17578125 0.248046875 0.17578125 0.2470703125 0.17578125 0.24609375 0.17578125 0.2451171875 0.17578125 0.244140625 0.17578125 0.2431640625 0.17578125 0.2421875 0.17578125 0.2412109375 0.17578125 0.240234375 0.17578125 0.2392578125 0.17578125 0.23828125 0.17578125 0.2373046875 0.17578125 0.236328125 0.17578125 0.2353515625 0.17578125 0.234375 0.17578125 0.2333984375 0.17578125 0.232421875 0.17578125 0.2314453125 0.17578125 0.23046875 0.17578125 0.2294921875 0.17578125 0.228515625 0.1748046875 0.2275390625 0.173828125 0.2275390625 0.1728515625 0.2275390625 0.171875 0.2275390625 0.1708984375 0.2275390625 0.169921875 0.2275390625 0.1689453125 0.2275390625 0.16796875 0.2275390625 0.1669921875 0.2275390625 0.166015625 0.2275390625 0.1650390625 0.2275390625 0.1640625 0.2275390625 0.1630859375 0.2275390625
0 0.255859375 0.1806640625 0.2568359375 0.1806640625 0.2578125 0.1806640625 0.2587890625 0.1806640625 0.259765625 0.1806640625 0.2607421875 0.1806640625 0.26171875 0.1806640625 0.2626953125 0.1806640625 0.263671875 0.1806640625 0.2646484375 0.1806640625 0.265625 0.1806640625 0.2666015625 0.1806640625 0.267578125 0.1806640625 0.2685546875 0.1806640625 0.26953125 0.181640625 0.26953125 0.1826171875 0.26953125 0.18359375 0.26953125 0.1845703125 0.26953125 0.185546875 0.26953125 0.1865234375 0.26953125 0.1875 0.26953125 0.1884765625 0.26953125 0.189453125 0.26953125 0.1904296875 0.26953125 0.19140625 0.26953125 0.1923828125 0.26953125 0.193359375 0.26953125 0.1943359375 0.26953125 0.1953125 0.2685546875 0.1962890625 0.267578125 0.1962890625 0.2666015625 0.1962890625 0.265625 0.1962890625 0.2646484375 0.1962890625 0.263671875 0.1962890625 0.2626953125 0.1962890625 0.26171875 0.1962890625 0.2607421875 0.1962890625 0.259765625 0.1962890625 0.2587890625 0.1962890625 0.2578125 0.1962890625 0.2568359375 0.1962890625 0.255859375 0.1962890625 0.2548828125 0.1962890625 0.25390625 0.1953125 0.25390625 0.1943359375 0.25390625 0.193359375 0.25390625 0.1923828125 0.25390625 0.19140625 0.25390625 0.1904296875 0.25390625 0.189453125 0.25390625 0.1884765625 0.25390625 0.1875 0.25390625 0.1865234375 0.25390625 0.185546875 0.25390625 0.1845703125 0.25390625 0.18359375 0.25390625 0.1826171875 0.25390625 0.18359375 0.25390625 0.1845703125 0.25390625 0.185546875 0.25390625 0.1865234375 0.25390625 0.1875 0.25390625 0.1884765625 0.25390625 0.189453125 0.25390625 0.1904296875 0.25390625 0.19140625 0.25390625 0.1923828125 0.25390625 0.193359375 0.25390625 0.1943359375 0.25390625 0.1953125 0.2548828125 0.1962890625 0.255859375 0.1962890625 0.2568359375 0.1962890625 0.2578125 0.1962890625 0.2587890625 0.1962890625 0.259765625 0.1962890625 0.2607421875 0.1962890625 0.26171875 0.1962890625 0.2626953125 0.1962890625 0.263671875 0.1962890625 0.2646484375 0.1962890625 0.265625 0.1962890625 0.2666015625 0.1962890625 0.267578125 0.1962890625 0.2685546875 0.1962890625 0.26953125 0.1962890625 0.26953125 0.1953125 0.26953125 0.1943359375 0.26953125 0.193359375 0.26953125 0.1923828125 0.26953125 0.19140625 0.26953125 0.1904296875 0.26953125 0.189453125 0.26953125 0.1884765625 0.26953125 0.1875 0.26953125 0.1865234375 0.26953125 0.185546875 0.26953125 0.1845703125 0.26953125 0.18359375 0.26953125 0.1826171875 0.26953125 0.181640625 0.2685546875 0.1806640625 0.267578125 0.1806640625 0.2666015625 0.1806640625 0.265625 0.1806640625 0.2646484375 0.1806640625 0.263671875 0.1806640625 0.2626953125 0.1806640625 0.26171875 0.1806640625 0.2607421875 0.1806640625 0.259765625 0.1806640625 0.2587890625 0.1806640625 0.2578125 0.1806640625 0.2568359375 0.1806640625
0 0.240234375 0.1650390625 0.2392578125 0.166015625 0.23828125 0.1669921875 0.23828125 0.16796875 0.23828125 0.1689453125 0.23828125 0.169921875 0.23828125 0.1708984375 0.23828125 0.171875 0.23828125 0.1728515625 0.23828125 0.173828125 0.23828125 0.1748046875 0.23828125 0.17578125 0.23828125 0.1767578125 0.23828125 0.177734375 0.23828125 0.1787109375 0.23828125 0.1796875 0.2392578125 0.1806640625 0.240234375 0.1806640625 0.2412109375 0.1806640625 0.2421875 0.1806640625 0.2431640625 0.1806640625 0.244140625 0.1806640625 0.2451171875 0.1806640625 0.24609375 0.1806640625 0.2470703125 0.1806640625 0.248046875 0.1806640625 0.2490234375 0.1806640625 0.25 0.1806640625 0.2509765625 0.1806640625 0.251953125 0.1806640625 0.2529296875 0.1806640625 0.25390625 0.1796875 0.25390625 0.1787109375 0.25390625 0.177734375 0.25390625 0.1767578125 0.25390625 0.17578125 0.25390625 0.1748046875 0.25390625 0.173828125 0.25390625 0.1728515625 0.25390625 0.171875 0.25390625 0.1708984375 0.25390625 0.169921875 0.25390625 0.1689453125 0.25390625 0.16796875 0.25390625 0.1669921875 0.25390625 0.166015625 0.2529296875 0.1650390625 0.251953125 0.1650390625 0.2509765625 0.1650390625 0.25 0.1650390625 0.2490234375 0.1650390625 0.248046875 0.1650390625 0.2470703125 0.1650390625 0.24609375 0.1650390625 0.2451171875 0.1650390625 0.244140625 0.1650390625 0.2431640625 0.1650390625 0.2421875 0.1650390625 0.2412109375 0.1650390625
