0 0.9560546875 0.9814453125 0.955078125 0.982421875 0.9541015625 0.9833984375 0.9541015625 0.984375 0.9541015625 0.9853515625 0.9541015625 0.986328125 0.9541015625 0.9873046875 0.9541015625 0.98828125 0.9541015625 0.9892578125 0.9541015625 0.990234375 0.9541015625 0.9912109375 0.9541015625 0.9921875 0.9541015625 0.9931640625 0.9541015625 0.994140625 0.9541015625 0.9951171875 0.9541015625 0.99609375 0.9541015625 0.9970703125 0.9541015625 0.998046875 0.9541015625 0.9990234375 0.9541015625 0.998046875 0.9541015625 0.9970703125 0.9541015625 0.99609375 0.9541015625 0.9951171875 0.9541015625 0.994140625 0.9541015625 0.9931640625 0.9541015625 0.9921875 0.9541015625 0.9912109375 0.9541015625 0.990234375 0.9541015625 0.9892578125 0.9541015625 0.98828125 0.9541015625 0.9873046875 0.9541015625 0.986328125 0.9541015625 0.9853515625 0.9541015625 0.984375 0.9541015625 0.9833984375 0.955078125 0.982421875 0.9560546875 0.9814453125 0.95703125 0.9814453125 0.9580078125 0.9814453125 0.958984375 0.9814453125 0.9599609375 0.9814453125 0.9609375 0.9814453125 0.9619140625 0.9814453125 0.962890625 0.9814453125 0.9638671875 0.9814453125 0.96484375 0.9814453125 0.9658203125 0.9814453125 0.966796875 0.9814453125 0.9677734375 0.9814453125 0.96875 0.9814453125 0.9697265625 0.982421875 0.9697265625 0.9833984375 0.9697265625 0.984375 0.9697265625 0.9853515625 0.9697265625 0.986328125 0.9697265625 0.9873046875 0.9697265625 0.98828125 0.9697265625 0.9892578125 0.9697265625 0.990234375 0.9697265625 0.9912109375 0.9697265625 0.9921875 0.9697265625 0.9931640625 0.9697265625 0.994140625 0.9697265625 0.9951171875 0.9697265625 0.99609375 0.9697265625 0.9970703125 0.9697265625 0.998046875 0.9697265625 0.9990234375 0.9697265625 0.998046875 0.9697265625 0.9970703125 0.9697265625 0.99609375 0.9697265625 0.9951171875 0.9697265625 0.994140625 0.9697265625 0.9931640625 0.9697265625 0.9921875 0.9697265625 0.9912109375 0.9697265625 0.990234375 0.9697265625 0.9892578125 0.9697265625 0.98828125 0.9697265625 0.9873046875 0.9697265625 0.986328125 0.9697265625 0.9853515625 0.9697265625 0.984375 0.9697265625 0.9833984375 0.9697265625 0.982421875 0.96875 0.9814453125 0.9677734375 0.9814453125 0.966796875 0.9814453125 0.9658203125 0.9814453125 0.96484375 0.9814453125 0.9638671875 0.9814453125 0.962890625 0.9814453125 0.9619140625 0.9814453125 0.9609375 0.9814453125 0.9599609375 0.9814453125 0.958984375 0.9814453125 0.9580078125 0.9814453125 0.95703125 0.9814453125
0 0.8935546875 0.9814453125 0.892578125 0.982421875 0.8916015625 0.9833984375 0.8916015625 0.984375 0.8916015625 0.9853515625 0.8916015625 0.986328125 0.8916015625 0.9873046875 0.8916015625 0.98828125 0.8916015625 0.9892578125 0.8916015625 0.990234375 0.8916015625 0.9912109375 0.8916015625 0.9921875 0.8916015625 0.9931640625 0.8916015625 0.994140625 0.8916015625 0.9951171875 0.8916015625 0.99609375 0.892578125 0.9970703125 0.8935546875 0.9970703125 0.89453125 0.9970703125 0.8955078125 0.9970703125 0.896484375 0.9970703125 0.8974609375 0.9970703125 0.8984375 0.9970703125 0.8994140625 0.9970703125 0.900390625 0.9970703125 0.9013671875 0.9970703125 0.90234375 0.9970703125 0.9033203125 0.9970703125 0.904296875 0.9970703125 0.9052734375 0.9970703125 0.90625 0.9970703125 0.9072265625 0.9970703125 0.908203125 0.9970703125 0.9091796875 0.9970703125 0.91015625 0.9970703125 0.9111328125 0.9970703125 0.912109375 0.9970703125 0.9130859375 0.9970703125 0.9140625 0.9970703125 0.9150390625 0.9970703125 0.916015625 0.9970703125 0.9169921875 0.9970703125 0.91796875 0.9970703125 0.9189453125 0.9970703125 0.919921875 0.9970703125 0.9208984375 0.9970703125 0.921875 0.9970703125 0.9228515625 0.9970703125 0.923828125 0.9970703125 0.9248046875 0.9970703125 0.92578125 0.9970703125 0.9267578125 0.9970703125 0.927734375 0.9970703125 0.9287109375 0.9970703125 0.9296875 0.9970703125 0.9306640625 0.9970703125 0.931640625 0.9970703125 0.9326171875 0.9970703125 0.93359375 0.9970703125 0.9345703125 0.9970703125 0.935546875 0.9970703125 0.9365234375 0.9970703125 0.9375 0.9970703125 0.9384765625 0.9970703125 0.9384765625 0.99609375 0.9384765625 0.9951171875 0.9384765625 0.994140625 0.9384765625 0.9931640625 0.9384765625 0.9921875 0.9384765625 0.9912109375 0.9384765625 0.990234375 0.9384765625 0.9892578125 0.9384765625 0.98828125 0.9384765625 0.9873046875 0.9384765625 0.986328125 0.9384765625 0.9853515625 0.9384765625 0.984375 0.9384765625 0.9833984375 0.9384765625 0.982421875 0.9375 0.9814453125 0.9365234375 0.9814453125 0.935546875 0.9814453125 0.9345703125 0.9814453125 0.93359375 0.9814453125 0.9326171875 0.9814453125 0.931640625 0.9814453125 0.9306640625 0.9814453125 0.9296875 0.9814453125 0.9287109375 0.9814453125 0.927734375 0.9814453125 0.9267578125 0.9814453125 0.92578125 0.9814453125 0.9248046875 0.9814453125 0.923828125 0.9814453125 0.9228515625 0.9814453125 0.921875 0.9814453125 0.9208984375 0.9814453125 0.919921875 0.9814453125 0.9189453125 0.9814453125 0.91796875 0.9814453125 0.9169921875 0.9814453125 0.916015625 0.9814453125 0.9150390625 0.9814453125 0.9140625 0.9814453125 0.9130859375 0.9814453125 0.912109375 0.9814453125 0.9111328125 0.9814453125 0.91015625 0.9814453125 0.9091796875 0.9814453125 0.908203125 0.9814453125 0.9072265625 0.9814453125 0.90625 0.9814453125 0.9052734375 0.9814453125 0.904296875 0.9814453125 0.9033203125 0.9814453125 0.90234375 0.9814453125 0.9013671875 0.9814453125 0.900390625 0.9814453125 0.8994140625 0.9814453125 0.8984375 0.9814453125 0.8974609375 0.9814453125 0.896484375 0.9814453125 0.8955078125 0.9814453125 0.89453125 0.9814453125
0 0.7841796875 0.9814453125 0.783203125 0.982421875 0.7822265625 0.9833984375 0.7822265625 0.984375 0.7822265625 0.9853515625 0.7822265625 0.986328125 0.7822265625 0.9873046875 0.7822265625 0.98828125 0.7822265625 0.9892578125 0.7822265625 0.990234375 0.7822265625 0.9912109375 0.7822265625 0.9921875 0.7822265625 0.9931640625 0.7822265625 0.994140625 0.7822265625 0.9951171875 0.7822265625 0.99609375 0.783203125 0.9970703125 0.7841796875 0.9970703125 0.78515625 0.9970703125 0.7861328125 0.9970703125 0.787109375 0.9970703125 0.7880859375 0.9970703125 0.7890625 0.9970703125 0.7900390625 0.9970703125 0.791015625 0.9970703125 0.7919921875 0.9970703125 0.79296875 0.9970703125 0.7939453125 0.9970703125 0.794921875 0.9970703125 0.7958984375 0.9970703125 0.796875 0.9970703125 0.7978515625 0.9970703125 0.7978515625 0.99609375 0.7978515625 0.9951171875 0.7978515625 0.994140625 0.7978515625 0.9931640625 0.7978515625 0.9921875 0.7978515625 0.9912109375 0.7978515625 0.990234375 0.7978515625 0.9892578125 0.7978515625 0.98828125 0.7978515625 0.9873046875 0.7978515625 0.986328125 0.7978515625 0.9853515625 0.7978515625 0.984375 0.7978515625 0.9833984375 0.7978515625 0.982421875 0.796875 0.9814453125 0.7958984375 0.9814453125 0.794921875 0.9814453125 0.7939453125 0.9814453125 0.79296875 0.9814453125 0.7919921875 0.9814453125 0.791015625 0.9814453125 0.7900390625 0.9814453125 0.7890625 0.9814453125 0.7880859375 0.9814453125 0.787109375 0.9814453125 0.7861328125 0.9814453125 0.78515625 0.9814453125
0 0.5966796875 0.9814453125 0.595703125 0.982421875 0.5947265625 0.9833984375 0.5947265625 0.984375 0.5947265625 0.9853515625 0.5947265625 0.986328125 0.5947265625 0.9873046875 0.5947265625 0.98828125 0.5947265625 0.9892578125 0.5947265625 0.990234375 0.5947265625 0.9912109375 0.5947265625 0.9921875 0.5947265625 0.9931640625 0.5947265625 0.994140625 0.5947265625 0.9951171875 0.5947265625 0.99609375 0.595703125 0.9970703125 0.5966796875 0.9970703125 0.59765625 0.9970703125 0.5986328125 0.9970703125 0.599609375 0.9970703125 0.6005859375 0.9970703125 0.6015625 0.9970703125 0.6025390625 0.9970703125 0.603515625 0.9970703125 0.6044921875 0.9970703125 0.60546875 0.9970703125 0.6064453125 0.9970703125 0.607421875 0.9970703125 0.6083984375 0.9970703125 0.609375 0.9970703125 0.6103515625 0.9970703125 0.6103515625 0.99609375 0.6103515625 0.9951171875 0.6103515625 0.994140625 0.6103515625 0.9931640625 0.6103515625 0.9921875 0.6103515625 0.9912109375 0.6103515625 0.990234375 0.6103515625 0.9892578125 0.6103515625 0.98828125 0.6103515625 0.9873046875 0.6103515625 0.986328125 0.6103515625 0.9853515625 0.6103515625 0.984375 0.6103515625 0.9833984375 0.6103515625 0.982421875 0.609375 0.9814453125 0.6083984375 0.9814453125 0.607421875 0.9814453125 0.6064453125 0.9814453125 0.60546875 0.9814453125 0.6044921875 0.9814453125 0.603515625 0.9814453125 0.6025390625 0.9814453125 0.6015625 0.9814453125 0.6005859375 0.9814453125 0.599609375 0.9814453125 0.5986328125 0.9814453125 0.59765625 0.9814453125
0 0.9560546875 0.9501953125 0.95703125 0.9501953125 0.9580078125 0.9501953125 0.958984375 0.9501953125 0.9599609375 0.9501953125 0.9609375 0.9501953125 0.9619140625 0.9501953125 0.962890625 0.9501953125 0.9638671875 0.9501953125 0.96484375 0.9501953125 0.9658203125 0.9501953125 0.966796875 0.9501953125 0.9677734375 0.9501953125 0.96875 0.9501953125 0.9697265625 0.951171875 0.9697265625 0.9521484375 0.9697265625 0.953125 0.9697265625 0.9541015625 0.9697265625 0.955078125 0.9697265625 0.9560546875 0.9697265625 0.95703125 0.9697265625 0.9580078125 0.9697265625 0.958984375 0.9697265625 0.9599609375 0.9697265625 0.9609375 0.9697265625 0.9619140625 0.9697265625 0.962890625 0.9697265625 0.9638671875 0.9697265625 0.96484375 0.96875 0.9658203125 0.9677734375 0.9658203125 0.966796875 0.9658203125 0.9658203125 0.9658203125 0.96484375 0.9658203125 0.9638671875 0.9658203125 0.962890625 0.9658203125 0.9619140625 0.9658203125 0.9609375 0.9658203125 0.9599609375 0.9658203125 0.958984375 0.9658203125 0.9580078125 0.9658203125 0.95703125 0.9658203125 0.9560546875 0.9658203125 0.955078125 0.9658203125 0.9541015625 0.96484375 0.9541015625 0.9638671875 0.9541015625 0.962890625 0.9541015625 0.9619140625 0.9541015625 0.9609375 0.9541015625 0.9599609375 0.9541015625 0.958984375 0.9541015625 0.9580078125 0.9541015625 0.95703125 0.9541015625 0.9560546875 0.9541015625 0.955078125 0.9541015625 0.9541015625 0.9541015625 0.953125 0.9541015625 0.9521484375 0.9541015625 0.953125 0.9541015625 0.9541015625 0.9541015625 0.955078125 0.9541015625 0.9560546875 0.9541015625 0.95703125 0.9541015625 0.9580078125 0.9541015625 0.958984375 0.9541015625 0.9599609375 0.9541015625 0.9609375 0.9541015625 0.9619140625 0.9541015625 0.962890625 0.9541015625 0.9638671875 0.9541015625 0.96484375 0.955078125 0.9658203125 0.9560546875 0.9658203125 0.95703125 0.9658203125 0.9580078125 0.9658203125 0.958984375 0.9658203125 0.9599609375 0.9658203125 0.9609375 0.9658203125 0.9619140625 0.9658203125 0.962890625 0.9658203125 0.9638671875 0.9658203125 0.96484375 0.9658203125 0.9658203125 0.9658203125 0.966796875 0.9658203125 0.9677734375 0.9658203125 0.96875 0.9658203125 0.9697265625 0.9658203125 0.9697265625 0.96484375 0.9697265625 0.9638671875 0.9697265625 0.962890625 0.9697265625 0.9619140625 0.9697265625 0.9609375 0.9697265625 0.9599609375 0.9697265625 0.958984375 0.9697265625 0.9580078125 0.9697265625 0.95703125 0.9697265625 0.9560546875 0.9697265625 0.955078125 0.9697265625 0.9541015625 0.9697265625 0.953125 0.9697265625 0.9521484375 0.9697265625 0.951171875 0.96875 0.9501953125 0.9677734375 0.9501953125 0.966796875 0.9501953125 0.9658203125 0.9501953125 0.96484375 0.9501953125 0.9638671875 0.9501953125 0.962890625 0.9501953125 0.9619140625 0.9501953125 0.9609375 0.9501953125 0.9599609375 0.9501953125 0.958984375 0.9501953125 0.9580078125 0.9501953125 0.95703125 0.9501953125
0 0.9248046875 0.9345703125 0.923828125 0.935546875 0.9228515625 0.9365234375 0.9228515625 0.9375 0.9228515625 0.9384765625 0.9228515625 0.939453125 0.9228515625 0.9404296875 0.9228515625 0.94140625 0.9228515625 0.9423828125 0.9228515625 0.943359375 0.9228515625 0.9443359375 0.9228515625 0.9453125 0.9228515625 0.9462890625 0.9228515625 0.947265625 0.9228515625 0.9482421875 0.9228515625 0.94921875 0.921875 0.9501953125 0.9208984375 0.9501953125 0.919921875 0.9501953125 0.9189453125 0.9501953125 0.91796875 0.9501953125 0.9169921875 0.9501953125 0.916015625 0.9501953125 0.9150390625 0.9501953125 0.9140625 0.9501953125 0.9130859375 0.9501953125 0.912109375 0.9501953125 0.9111328125 0.9501953125 0.91015625 0.9501953125 0.9091796875 0.9501953125 0.908203125 0.951171875 0.9072265625 0.9521484375 0.9072265625 0.953125 0.9072265625 0.9541015625 0.9072265625 0.955078125 0.9072265625 0.9560546875 0.9072265625 0.95703125 0.9072265625 0.9580078125 0.9072265625 0.958984375 0.9072265625 0.9599609375 0.9072265625 0.9609375 0.9072265625 0.9619140625 0.9072265625 0.962890625 0.9072265625 0.9638671875 0.9072265625 0.96484375 0.908203125 0.9658203125 0.9091796875 0.9658203125 0.91015625 0.9658203125 0.9111328125 0.9658203125 0.912109375 0.9658203125 0.9130859375 0.9658203125 0.9140625 0.9658203125 0.9150390625 0.9658203125 0.916015625 0.9658203125 0.9169921875 0.9658203125 0.91796875 0.9658203125 0.9189453125 0.9658203125 0.919921875 0.9658203125 0.9208984375 0.9658203125 0.921875 0.9658203125 0.9228515625 0.9658203125 0.9228515625 0.96484375 0.9228515625 0.9638671875 0.9228515625 0.962890625 0.9228515625 0.9619140625 0.9228515625 0.9609375 0.9228515625 0.9599609375 0.9228515625 0.958984375 0.9228515625 0.9580078125 0.9228515625 0.95703125 0.9228515625 0.9560546875 0.9228515625 0.955078125 0.9228515625 0.9541015625 0.9228515625 0.953125 0.9228515625 0.9521484375 0.9228515625 0.953125 0.9228515625 0.9541015625 0.9228515625 0.955078125 0.9228515625 0.9560546875 0.9228515625 0.95703125 0.9228515625 0.9580078125 0.9228515625 0.958984375 0.9228515625 0.9599609375 0.9228515625 0.9609375 0.9228515625 0.9619140625 0.9228515625 0.962890625 0.9228515625 0.9638671875 0.9228515625 0.96484375 0.921875 0.9658203125 0.9208984375 0.9658203125 0.919921875 0.9658203125 0.9189453125 0.9658203125 0.91796875 0.9658203125 0.9169921875 0.9658203125 0.916015625 0.9658203125 0.9150390625 0.9658203125 0.9140625 0.9658203125 0.9130859375 0.9658203125 0.912109375 0.9658203125 0.9111328125 0.9658203125 0.91015625 0.9658203125 0.9091796875 0.9658203125 0.908203125 0.9658203125 0.9072265625 0.96484375 0.9072265625 0.9638671875 0.9072265625 0.962890625 0.9072265625 0.9619140625 0.9072265625 0.9609375 0.9072265625 0.9599609375 0.9072265625 0.958984375 0.9072265625 0.9580078125 0.9072265625 0.95703125 0.9072265625 0.9560546875 0.9072265625 0.955078125 0.9072265625 0.9541015625 0.9072265625 0.953125 0.9072265625 0.9521484375 0.908203125 0.951171875 0.9091796875 0.9501953125 0.91015625 0.9501953125 0.9111328125 0.9501953125 0.912109375 0.9501953125 0.9130859375 0.9501953125 0.9140625 0.9501953125 0.9150390625 0.9501953125 0.916015625 0.9501953125 0.9169921875 0.9501953125 0.91796875 0.9501953125 0.9189453125 0.9501953125 0.919921875 0.9501953125 0.9208984375 0.9501953125 0.921875 0.9501953125 0.9228515625 0.94921875 0.9228515625 0.9482421875 0.9228515625 0.947265625 0.9228515625 0.9462890625 0.9228515625 0.9453125 0.9228515625 0.9443359375 0.9228515625 0.943359375 0.9228515625 0.9423828125 0.9228515625 0.94140625 0.9228515625 0.9404296875 0.9228515625 0.939453125 0.9228515625 0.9384765625 0.9228515625 0.9375 0.9228515625 0.9365234375 0.923828125 0.935546875 0.9248046875 0.9345703125 0.92578125 0.9345703125 0.9267578125 0.9345703125 0.927734375 0.9345703125 0.9287109375 0.9345703125 0.9296875 0.9345703125 0.9306640625 0.9345703125 0.931640625 0.9345703125 0.9326171875 0.9345703125 0.93359375 0.9345703125 0.9345703125 0.9345703125 0.935546875 0.9345703125 0.9365234375 0.9345703125 0.9375 0.9345703125 0.9384765625 0.9345703125 0.939453125 0.9345703125 0.9404296875 0.9345703125 0.94140625 0.9345703125 0.9423828125 0.9345703125 0.943359375 0.9345703125 0.9443359375 0.9345703125 0.9453125 0.9345703125 0.9462890625 0.9345703125 0.947265625 0.9345703125 0.9482421875 0.9345703125 0.94921875 0.9345703125 0.9501953125 0.9345703125 0.951171875 0.9345703125 0.9521484375 0.9345703125 0.953125 0.9345703125 0.9541015625 0.935546875 0.9541015625 0.9365234375 0.9541015625 0.9375 0.9541015625 0.9384765625 0.9541015625 0.939453125 0.9541015625 0.9404296875 0.9541015625 0.94140625 0.9541015625 0.9423828125 0.9541015625 0.943359375 0.9541015625 0.9443359375 0.9541015625 0.9453125 0.9541015625 0.9462890625 0.9541015625 0.947265625 0.9541015625 0.9482421875 0.9541015625 0.94921875 0.953125 0.9501953125 0.9521484375 0.9501953125 0.951171875 0.9501953125 0.9501953125 0.9501953125 0.94921875 0.9501953125 0.9482421875 0.9501953125 0.947265625 0.9501953125 0.9462890625 0.9501953125 0.9453125 0.9501953125 0.9443359375 0.9501953125 0.943359375 0.9501953125 0.9423828125 0.9501953125 0.94140625 0.9501953125 0.9404296875 0.9501953125 0.939453125 0.9501953125 0.9384765625 0.9501953125 0.9375 0.9501953125 0.9365234375 0.9501953125 0.935546875 0.9501953125 0.9345703125 0.9501953125 0.93359375 0.9501953125 0.9326171875 0.9501953125 0.931640625 0.9501953125 0.9306640625 0.9501953125 0.9296875 0.9501953125 0.9287109375 0.9501953125 0.927734375 0.9501953125 0.9267578125 0.9501953125 0.92578125 0.9501953125 0.9248046875 0.9501953125 0.92578125 0.9501953125 0.9267578125 0.9501953125 0.927734375 0.9501953125 0.9287109375 0.9501953125 0.9296875 0.9501953125 0.9306640625 0.9501953125 0.931640625 0.9501953125 0.9326171875 0.9501953125 0.93359375 0.9501953125 0.9345703125 0.9501953125 0.935546875 0.9501953125 0.9365234375 0.9501953125 0.9375 0.9501953125 0.9384765625 0.9501953125 0.939453125 0.9501953125 0.9404296875 0.9501953125 0.94140625 0.9501953125 0.9423828125 0.9501953125 0.943359375 0.9501953125 0.9443359375 0.9501953125 0.9453125 0.9501953125 0.9462890625 0.9501953125 0.947265625 0.9501953125 0.9482421875 0.9501953125 0.94921875 0.9501953125 0.9501953125 0.9501953125 0.951171875 0.9501953125 0.9521484375 0.9501953125 0.953125 0.9501953125 0.9541015625 0.94921875 0.9541015625 0.9482421875 0.9541015625 0.947265625 0.9541015625 0.9462890625 0.9541015625 0.9453125 0.9541015625 0.9443359375 0.9541015625 0.943359375 0.9541015625 0.9423828125 0.9541015625 0.94140625 0.9541015625 0.9404296875 0.9541015625 0.939453125 0.9541015625 0.9384765625 0.9541015625 0.9375 0.9541015625 0.9365234375 0.9541015625 0.935546875 0.953125 0.9345703125 0.9521484375 0.9345703125 0.951171875 0.9345703125 0.9501953125 0.9345703125 0.94921875 0.9345703125 0.9482421875 0.9345703125 0.947265625 0.9345703125 0.9462890625 0.9345703125 0.9453125 0.9345703125 0.9443359375 0.9345703125 0.943359375 0.9345703125 0.9423828125 0.9345703125 0.94140625 0.9345703125 0.9404296875 0.9345703125 0.939453125 0.9345703125 0.9384765625 0.9345703125 0.9375 0.9345703125 0.9365234375 0.9345703125 0.935546875 0.9345703125 0.9345703125 0.9345703125 0.93359375 0.9345703125 0.9326171875 0.9345703125 0.931640625 0.9345703125 0.9306640625 0.9345703125 0.9296875 0.9345703125 0.9287109375 0.9345703125 0.927734375 0.9345703125 0.9267578125 0.9345703125 0.92578125 0.9345703125
0 0.7841796875 0.9345703125 0.783203125 0.935546875 0.7822265625 0.9365234375 0.7822265625 0.9375 0.7822265625 0.9384765625 0.7822265625 0.939453125 0.7822265625 0.9404296875 0.7822265625 0.94140625 0.7822265625 0.9423828125 0.7822265625 0.943359375 0.7822265625 0.9443359375 0.7822265625 0.9453125 0.7822265625 0.9462890625 0.7822265625 0.947265625 0.7822265625 0.9482421875 0.7822265625 0.94921875 0.7822265625 0.9501953125 0.7822265625 0.951171875 0.7822265625 0.9521484375 0.7822265625 0.953125 0.7822265625 0.9541015625 0.7822265625 0.955078125 0.7822265625 0.9560546875 0.7822265625 0.95703125 0.7822265625 0.9580078125 0.7822265625 0.958984375 0.7822265625 0.9599609375 0.7822265625 0.9609375 0.7822265625 0.9619140625 0.7822265625 0.962890625 0.7822265625 0.9638671875 0.7822265625 0.96484375 0.783203125 0.9658203125 0.7841796875 0.9658203125 0.78515625 0.9658203125 0.7861328125 0.9658203125 0.787109375 0.9658203125 0.7880859375 0.9658203125 0.7890625 0.9658203125 0.7900390625 0.9658203125 0.791015625 0.9658203125 0.7919921875 0.9658203125 0.79296875 0.9658203125 0.7939453125 0.9658203125 0.794921875 0.9658203125 0.7958984375 0.9658203125 0.796875 0.9658203125 0.7978515625 0.9658203125 0.7978515625 0.96484375 0.7978515625 0.9638671875 0.7978515625 0.962890625 0.7978515625 0.9619140625 0.7978515625 0.9609375 0.7978515625 0.9599609375 0.7978515625 0.958984375 0.7978515625 0.9580078125 0.7978515625 0.95703125 0.7978515625 0.9560546875 0.7978515625 0.955078125 0.7978515625 0.9541015625 0.7978515625 0.953125 0.7978515625 0.9521484375 0.7978515625 0.951171875 0.7978515625 0.9501953125 0.7978515625 0.94921875 0.7978515625 0.9482421875 0.7978515625 0.947265625 0.7978515625 0.9462890625 0.7978515625 0.9453125 0.7978515625 0.9443359375 0.7978515625 0.943359375 0.7978515625 0.9423828125 0.7978515625 0.94140625 0.7978515625 0.9404296875 0.7978515625 0.939453125 0.7978515625 0.9384765625 0.7978515625 0.9375 0.7978515625 0.9365234375 0.7978515625 0.935546875 0.796875 0.9345703125 0.7958984375 0.9345703125 0.794921875 0.9345703125 0.7939453125 0.9345703125 0.79296875 0.9345703125 0.7919921875 0.9345703125 0.791015625 0.9345703125 0.7900390625 0.9345703125 0.7890625 0.9345703125 0.7880859375 0.9345703125 0.787109375 0.9345703125 0.7861328125 0.9345703125 0.78515625 0.9345703125
0 0.4091796875 0.9189453125 0.408203125 0.919921875 0.4072265625 0.9208984375 0.4072265625 0.921875 0.4072265625 0.9228515625 0.4072265625 0.923828125 0.4072265625 0.9248046875 0.4072265625 0.92578125 0.4072265625 0.9267578125 0.4072265625 0.927734375 0.4072265625 0.9287109375 0.4072265625 0.9296875 0.4072265625 0.9306640625 0.4072265625 0.931640625 0.4072265625 0.9326171875 0.4072265625 0.93359375 0.408203125 0.9345703125 0.4091796875 0.9345703125 0.41015625 0.9345703125 0.4111328125 0.9345703125 0.412109375 0.9345703125 0.4130859375 0.9345703125 0.4140625 0.9345703125 0.4150390625 0.9345703125 0.416015625 0.9345703125 0.4169921875 0.9345703125 0.41796875 0.9345703125 0.4189453125 0.9345703125 0.419921875 0.9345703125 0.4208984375 0.9345703125 0.421875 0.9345703125 0.4228515625 0.9345703125 0.4228515625 0.93359375 0.4228515625 0.9326171875 0.4228515625 0.931640625 0.4228515625 0.9306640625 0.4228515625 0.9296875 0.4228515625 0.9287109375 0.4228515625 0.927734375 0.4228515625 0.9267578125 0.4228515625 0.92578125 0.4228515625 0.9248046875 0.4228515625 0.923828125 0.4228515625 0.9228515625 0.4228515625 0.921875 0.4228515625 0.9208984375 0.4228515625 0.919921875 0.421875 0.9189453125 0.4208984375 0.9189453125 0.419921875 0.9189453125 0.4189453125 0.9189453125 0.41796875 0.9189453125 0.4169921875 0.9189453125 0.416015625 0.9189453125 0.4150390625 0.9189453125 0.4140625 0.9189453125 0.4130859375 0.9189453125 0.412109375 0.9189453125 0.4111328125 0.9189453125 0.41015625 0.9189453125
0 0.9716796875 0.9033203125 0.970703125 0.904296875 0.9697265625 0.9052734375 0.9697265625 0.90625 0.9697265625 0.9072265625 0.9697265625 0.908203125 0.9697265625 0.9091796875 0.9697265625 0.91015625 0.9697265625 0.9111328125 0.9697265625 0.912109375 0.9697265625 0.9130859375 0.9697265625 0.9140625 0.9697265625 0.9150390625 0.9697265625 0.916015625 0.9697265625 0.9169921875 0.9697265625 0.91796875 0.970703125 0.9189453125 0.9716796875 0.9189453125 0.97265625 0.9189453125 0.9736328125 0.9189453125 0.974609375 0.9189453125 0.9755859375 0.9189453125 0.9765625 0.9189453125 0.9775390625 0.9189453125 0.978515625 0.9189453125 0.9794921875 0.9189453125 0.98046875 0.9189453125 0.9814453125 0.9189453125 0.982421875 0.9189453125 0.9833984375 0.9189453125 0.984375 0.9189453125 0.9853515625 0.9189453125 0.9853515625 0.91796875 0.9853515625 0.9169921875 0.9853515625 0.916015625 0.9853515625 0.9150390625 0.9853515625 0.9140625 0.9853515625 0.9130859375 0.9853515625 0.912109375 0.9853515625 0.9111328125 0.9853515625 0.91015625 0.9853515625 0.9091796875 0.9853515625 0.908203125 0.9853515625 0.9072265625 0.9853515625 0.90625 0.9853515625 0.9052734375 0.9853515625 0.904296875 0.984375 0.9033203125 0.9833984375 0.9033203125 0.982421875 0.9033203125 0.9814453125 0.9033203125 0.98046875 0.9033203125 0.9794921875 0.9033203125 0.978515625 0.9033203125 0.9775390625 0.9033203125 0.9765625 0.9033203125 0.9755859375 0.9033203125 0.974609375 0.9033203125 0.9736328125 0.9033203125 0.97265625 0.9033203125
0 0.8935546875 0.9033203125 0.892578125 0.904296875 0.8916015625 0.9052734375 0.8916015625 0.90625 0.8916015625 0.9072265625 0.8916015625 0.908203125 0.8916015625 0.9091796875 0.8916015625 0.91015625 0.8916015625 0.9111328125 0.8916015625 0.912109375 0.8916015625 0.9130859375 0.8916015625 0.9140625 0.8916015625 0.9150390625 0.8916015625 0.916015625 0.8916015625 0.9169921875 0.8916015625 0.91796875 0.8916015625 0.9189453125 0.8916015625 0.919921875 0.8916015625 0.9208984375 0.8916015625 0.921875 0.8916015625 0.9228515625 0.8916015625 0.923828125 0.8916015625 0.9248046875 0.8916015625 0.92578125 0.8916015625 0.9267578125 0.8916015625 0.927734375 0.8916015625 0.9287109375 0.8916015625 0.9296875 0.8916015625 0.9306640625 0.8916015625 0.931640625 0.8916015625 0.9326171875 0.8916015625 0.93359375 0.892578125 0.9345703125 0.8935546875 0.9345703125 0.89453125 0.9345703125 0.8955078125 0.9345703125 0.896484375 0.9345703125 0.8974609375 0.9345703125 0.8984375 0.9345703125 0.8994140625 0.9345703125 0.900390625 0.9345703125 0.9013671875 0.9345703125 0.90234375 0.9345703125 0.9033203125 0.9345703125 0.904296875 0.9345703125 0.9052734375 0.9345703125 0.90625 0.9345703125 0.9072265625 0.9345703125 0.9072265625 0.93359375 0.9072265625 0.9326171875 0.9072265625 0.931640625 0.9072265625 0.9306640625 0.9072265625 0.9296875 0.9072265625 0.9287109375 0.9072265625 0.927734375 0.9072265625 0.9267578125 0.9072265625 0.92578125 0.9072265625 0.9248046875 0.9072265625 0.923828125 0.9072265625 0.9228515625 0.9072265625 0.921875 0.9072265625 0.9208984375 0.908203125 0.919921875 0.9091796875 0.9189453125 0.91015625 0.9189453125 0.9111328125 0.9189453125 0.912109375 0.9189453125 0.9130859375 0.9189453125 0.9140625 0.9189453125 0.9150390625 0.9189453125 0.916015625 0.9189453125 0.9169921875 0.9189453125 0.91796875 0.9189453125 0.9189453125 0.9189453125 0.919921875 0.9189453125 0.9208984375 0.9189453125 0.921875 0.9189453125 0.9228515625 0.9189453125 0.9228515625 0.91796875 0.9228515625 0.9169921875 0.9228515625 0.916015625 0.9228515625 0.9150390625 0.9228515625 0.9140625 0.9228515625 0.9130859375 0.9228515625 0.912109375 0.9228515625 0.9111328125 0.9228515625 0.91015625 0.9228515625 0.9091796875 0.9228515625 0.908203125 0.9228515625 0.9072265625 0.9228515625 0.90625 0.9228515625 0.9052734375 0.9228515625 0.904296875 0.921875 0.9033203125 0.9208984375 0.9033203125 0.919921875 0.9033203125 0.9189453125 0.9033203125 0.91796875 0.9033203125 0.9169921875 0.9033203125 0.916015625 0.9033203125 0.9150390625 0.9033203125 0.9140625 0.9033203125 0.9130859375 0.9033203125 0.912109375 0.9033203125 0.9111328125 0.9033203125 0.91015625 0.9033203125 0.9091796875 0.9033203125 0.908203125 0.9033203125 0.9072265625 0.9033203125 0.90625 0.9033203125 0.9052734375 0.9033203125 0.904296875 0.9033203125 0.9033203125 0.9033203125 0.90234375 0.9033203125 0.9013671875 0.9033203125 0.900390625 0.9033203125 0.8994140625 0.9033203125 0.8984375 0.9033203125 0.8974609375 0.9033203125 0.896484375 0.9033203125 0.8955078125 0.9033203125 0.89453125 0.9033203125
0 0.0341796875 0.9033203125 0.033203125 0.904296875 0.0322265625 0.9052734375 0.0322265625 0.90625 0.0322265625 0.9072265625 0.0322265625 0.908203125 0.0322265625 0.9091796875 0.0322265625 0.91015625 0.0322265625 0.9111328125 0.0322265625 0.912109375 0.0322265625 0.9130859375 0.0322265625 0.9140625 0.0322265625 0.9150390625 0.0322265625 0.916015625 0.0322265625 0.9169921875 0.0322265625 0.91796875 0.033203125 0.9189453125 0.0341796875 0.9189453125 0.03515625 0.9189453125 0.0361328125 0.9189453125 0.037109375 0.9189453125 0.0380859375 0.9189453125 0.0390625 0.9189453125 0.0400390625 0.9189453125 0.041015625 0.9189453125 0.0419921875 0.9189453125 0.04296875 0.9189453125 0.0439453125 0.9189453125 0.044921875 0.9189453125 0.0458984375 0.9189453125 0.046875 0.9189453125 0.0478515625 0.919921875 0.0478515625 0.9208984375 0.0478515625 0.921875 0.0478515625 0.9228515625 0.0478515625 0.923828125 0.0478515625 0.9248046875 0.0478515625 0.92578125 0.0478515625 0.9267578125 0.0478515625 0.927734375 0.0478515625 0.9287109375 0.0478515625 0.9296875 0.0478515625 0.9306640625 0.0478515625 0.931640625 0.0478515625 0.9326171875 0.0478515625 0.93359375 0.048828125 0.9345703125 0.0498046875 0.9345703125 0.05078125 0.9345703125 0.0517578125 0.9345703125 0.052734375 0.9345703125 0.0537109375 0.9345703125 0.0546875 0.9345703125 0.0556640625 0.9345703125 0.056640625 0.9345703125 0.0576171875 0.9345703125 0.05859375 0.9345703125 0.0595703125 0.9345703125 0.060546875 0.9345703125 0.0615234375 0.9345703125 0.0625 0.9345703125 0.0634765625 0.9345703125 0.064453125 0.9345703125 0.0654296875 0.9345703125 0.06640625 0.9345703125 0.0673828125 0.9345703125 0.068359375 0.9345703125 0.0693359375 0.9345703125 0.0703125 0.9345703125 0.0712890625 0.9345703125 0.072265625 0.9345703125 0.0732421875 0.9345703125 0.07421875 0.9345703125 0.0751953125 0.9345703125 0.076171875 0.9345703125 0.0771484375 0.9345703125 0.078125 0.9345703125 0.0791015625 0.9345703125 0.0791015625 0.93359375 0.0791015625 0.9326171875 0.0791015625 0.931640625 0.0791015625 0.9306640625 0.0791015625 0.9296875 0.0791015625 0.9287109375 0.0791015625 0.927734375 0.0791015625 0.9267578125 0.0791015625 0.92578125 0.0791015625 0.9248046875 0.0791015625 0.923828125 0.0791015625 0.9228515625 0.0791015625 0.921875 0.0791015625 0.9208984375 0.080078125 0.919921875 0.0810546875 0.9189453125 0.08203125 0.9189453125 0.0830078125 0.9189453125 0.083984375 0.9189453125 0.0849609375 0.9189453125 0.0859375 0.9189453125 0.0869140625 0.9189453125 0.087890625 0.9189453125 0.0888671875 0.9189453125 0.08984375 0.9189453125 0.0908203125 0.9189453125 0.091796875 0.9189453125 0.0927734375 0.9189453125 0.09375 0.9189453125 0.0947265625 0.9189453125 0.0947265625 0.91796875 0.0947265625 0.9169921875 0.0947265625 0.916015625 0.0947265625 0.9150390625 0.0947265625 0.9140625 0.0947265625 0.9130859375 0.0947265625 0.912109375 0.0947265625 0.9111328125 0.0947265625 0.91015625 0.0947265625 0.9091796875 0.0947265625 0.908203125 0.0947265625 0.9072265625 0.0947265625 0.90625 0.0947265625 0.9052734375 0.0947265625 0.904296875 0.09375 0.9033203125 0.0927734375 0.9033203125 0.091796875 0.9033203125 0.0908203125 0.9033203125 0.08984375 0.9033203125 0.0888671875 0.9033203125 0.087890625 0.9033203125 0.0869140625 0.9033203125 0.0859375 0.9033203125 0.0849609375 0.9033203125 0.083984375 0.9033203125 0.0830078125 0.9033203125 0.08203125 0.9033203125 0.0810546875 0.9033203125 0.080078125 0.9033203125 0.0791015625 0.9033203125 0.078125 0.9033203125 0.0771484375 0.9033203125 0.076171875 0.9033203125 0.0751953125 0.9033203125 0.07421875 0.9033203125 0.0732421875 0.9033203125 0.072265625 0.9033203125 0.0712890625 0.9033203125 0.0703125 0.9033203125 0.0693359375 0.9033203125 0.068359375 0.9033203125 0.0673828125 0.9033203125 0.06640625 0.9033203125 0.0654296875 0.9033203125 0.064453125 0.9033203125 0.0634765625 0.9033203125 0.0625 0.9033203125 0.0615234375 0.9033203125 0.060546875 0.9033203125 0.0595703125 0.9033203125 0.05859375 0.9033203125 0.0576171875 0.9033203125 0.056640625 0.9033203125 0.0556640625 0.9033203125 0.0546875 0.9033203125 0.0537109375 0.9033203125 0.052734375 0.9033203125 0.0517578125 0.9033203125 0.05078125 0.9033203125 0.0498046875 0.9033203125 0.048828125 0.9033203125 0.0478515625 0.9033203125 0.046875 0.9033203125 0.0458984375 0.9033203125 0.044921875 0.9033203125 0.0439453125 0.9033203125 0.04296875 0.9033203125 0.0419921875 0.9033203125 0.041015625 0.9033203125 0.0400390625 0.9033203125 0.0390625 0.9033203125 0.0380859375 0.9033203125 0.037109375 0.9033203125 0.0361328125 0.9033203125 0.03515625 0.9033203125
0 0.9716796875 0.8720703125 0.970703125 0.873046875 0.9697265625 0.8740234375 0.9697265625 0.875 0.9697265625 0.8759765625 0.9697265625 0.876953125 0.9697265625 0.8779296875 0.9697265625 0.87890625 0.9697265625 0.8798828125 0.9697265625 0.880859375 0.9697265625 0.8818359375 0.9697265625 0.8828125 0.9697265625 0.8837890625 0.9697265625 0.884765625 0.9697265625 0.8857421875 0.9697265625 0.88671875 0.970703125 0.8876953125 0.9716796875 0.8876953125 0.97265625 0.8876953125 0.9736328125 0.8876953125 0.974609375 0.8876953125 0.9755859375 0.8876953125 0.9765625 0.8876953125 0.9775390625 0.8876953125 0.978515625 0.8876953125 0.9794921875 0.8876953125 0.98046875 0.8876953125 0.9814453125 0.8876953125 0.982421875 0.8876953125 0.9833984375 0.8876953125 0.984375 0.8876953125 0.9853515625 0.8876953125 0.9853515625 0.88671875 0.9853515625 0.8857421875 0.9853515625 0.884765625 0.9853515625 0.8837890625 0.9853515625 0.8828125 0.9853515625 0.8818359375 0.9853515625 0.880859375 0.9853515625 0.8798828125 0.9853515625 0.87890625 0.9853515625 0.8779296875 0.9853515625 0.876953125 0.9853515625 0.8759765625 0.9853515625 0.875 0.9853515625 0.8740234375 0.9853515625 0.873046875 0.984375 0.8720703125 0.9833984375 0.8720703125 0.982421875 0.8720703125 0.9814453125 0.8720703125 0.98046875 0.8720703125 0.9794921875 0.8720703125 0.978515625 0.8720703125 0.9775390625 0.8720703125 0.9765625 0.8720703125 0.9755859375 0.8720703125 0.974609375 0.8720703125 0.9736328125 0.8720703125 0.97265625 0.8720703125
0 0.9248046875 0.8408203125 0.923828125 0.841796875 0.9228515625 0.8427734375 0.9228515625 0.84375 0.9228515625 0.8447265625 0.9228515625 0.845703125 0.9228515625 0.8466796875 0.9228515625 0.84765625 0.9228515625 0.8486328125 0.9228515625 0.849609375 0.9228515625 0.8505859375 0.9228515625 0.8515625 0.9228515625 0.8525390625 0.9228515625 0.853515625 0.9228515625 0.8544921875 0.9228515625 0.85546875 0.923828125 0.8564453125 0.9248046875 0.8564453125 0.92578125 0.8564453125 0.9267578125 0.8564453125 0.927734375 0.8564453125 0.9287109375 0.8564453125 0.9296875 0.8564453125 0.9306640625 0.8564453125 0.931640625 0.8564453125 0.9326171875 0.8564453125 0.93359375 0.8564453125 0.9345703125 0.8564453125 0.935546875 0.8564453125 0.9365234375 0.8564453125 0.9375 0.8564453125 0.9384765625 0.8564453125 0.939453125 0.8564453125 0.9404296875 0.8564453125 0.94140625 0.8564453125 0.9423828125 0.8564453125 0.943359375 0.8564453125 0.9443359375 0.8564453125 0.9453125 0.8564453125 0.9462890625 0.8564453125 0.947265625 0.8564453125 0.9482421875 0.8564453125 0.94921875 0.8564453125 0.9501953125 0.8564453125 0.951171875 0.8564453125 0.9521484375 0.8564453125 0.953125 0.8564453125 0.9541015625 0.8564453125 0.9541015625 0.85546875 0.9541015625 0.8544921875 0.9541015625 0.853515625 0.9541015625 0.8525390625 0.9541015625 0.8515625 0.9541015625 0.8505859375 0.9541015625 0.849609375 0.9541015625 0.8486328125 0.9541015625 0.84765625 0.9541015625 0.8466796875 0.9541015625 0.845703125 0.9541015625 0.8447265625 0.9541015625 0.84375 0.9541015625 0.8427734375 0.9541015625 0.841796875 0.953125 0.8408203125 0.9521484375 0.8408203125 0.951171875 0.8408203125 0.9501953125 0.8408203125 0.94921875 0.8408203125 0.9482421875 0.8408203125 0.947265625 0.8408203125 0.9462890625 0.8408203125 0.9453125 0.8408203125 0.9443359375 0.8408203125 0.943359375 0.8408203125 0.9423828125 0.8408203125 0.94140625 0.8408203125 0.9404296875 0.8408203125 0.939453125 0.8408203125 0.9384765625 0.8408203125 0.9375 0.8408203125 0.9365234375 0.8408203125 0.935546875 0.8408203125 0.9345703125 0.8408203125 0.93359375 0.8408203125 0.9326171875 0.8408203125 0.931640625 0.8408203125 0.9306640625 0.8408203125 0.9296875 0.8408203125 0.9287109375 0.8408203125 0.927734375 0.8408203125 0.9267578125 0.8408203125 0.92578125 0.8408203125
0 0.0966796875 0.8095703125 0.095703125 0.810546875 0.0947265625 0.8115234375 0.0947265625 0.8125 0.0947265625 0.8134765625 0.0947265625 0.814453125 0.0947265625 0.8154296875 0.0947265625 0.81640625 0.0947265625 0.8173828125 0.0947265625 0.818359375 0.0947265625 0.8193359375 0.0947265625 0.8203125 0.0947265625 0.8212890625 0.0947265625 0.822265625 0.0947265625 0.8232421875 0.0947265625 0.82421875 0.09375 0.8251953125 0.0927734375 0.8251953125 0.091796875 0.8251953125 0.0908203125 0.8251953125 0.08984375 0.8251953125 0.0888671875 0.8251953125 0.087890625 0.8251953125 0.0869140625 0.8251953125 0.0859375 0.8251953125 0.0849609375 0.8251953125 0.083984375 0.8251953125 0.0830078125 0.8251953125 0.08203125 0.8251953125 0.0810546875 0.8251953125 0.080078125 0.826171875 0.0791015625 0.8271484375 0.0791015625 0.828125 0.0791015625 0.8291015625 0.0791015625 0.830078125 0.0791015625 0.8310546875 0.0791015625 0.83203125 0.0791015625 0.8330078125 0.0791015625 0.833984375 0.0791015625 0.8349609375 0.0791015625 0.8359375 0.0791015625 0.8369140625 0.0791015625 0.837890625 0.0791015625 0.8388671875 0.0791015625 0.83984375 0.0791015625 0.8408203125 0.0791015625 0.841796875 0.0791015625 0.8427734375 0.0791015625 0.84375 0.0791015625 0.8447265625 0.0791015625 0.845703125 0.0791015625 0.8466796875 0.0791015625 0.84765625 0.0791015625 0.8486328125 0.0791015625 0.849609375 0.0791015625 0.8505859375 0.0791015625 0.8515625 0.0791015625 0.8525390625 0.0791015625 0.853515625 0.0791015625 0.8544921875 0.0791015625 0.85546875 0.080078125 0.8564453125 0.0810546875 0.8564453125 0.08203125 0.8564453125 0.0830078125 0.8564453125 0.083984375 0.8564453125 0.0849609375 0.8564453125 0.0859375 0.8564453125 0.0869140625 0.8564453125 0.087890625 0.8564453125 0.0888671875 0.8564453125 0.08984375 0.8564453125 0.0908203125 0.8564453125 0.091796875 0.8564453125 0.0927734375 0.8564453125 0.09375 0.8564453125 0.0947265625 0.8564453125 0.095703125 0.8564453125 0.0966796875 0.8564453125 0.09765625 0.8564453125 0.0986328125 0.8564453125 0.099609375 0.8564453125 0.1005859375 0.8564453125 0.1015625 0.8564453125 0.1025390625 0.8564453125 0.103515625 0.8564453125 0.1044921875 0.8564453125 0.10546875 0.8564453125 0.1064453125 0.8564453125 0.107421875 0.8564453125 0.1083984375 0.8564453125 0.109375 0.8564453125 0.1103515625 0.8564453125 0.111328125 0.8564453125 0.1123046875 0.8564453125 0.11328125 0.8564453125 0.1142578125 0.8564453125 0.115234375 0.8564453125 0.1162109375 0.8564453125 0.1171875 0.8564453125 0.1181640625 0.8564453125 0.119140625 0.8564453125 0.1201171875 0.8564453125 0.12109375 0.8564453125 0.1220703125 0.8564453125 0.123046875 0.8564453125 0.1240234375 0.8564453125 0.125 0.8564453125 0.1259765625 0.8564453125 0.1259765625 0.85546875 0.1259765625 0.8544921875 0.1259765625 0.853515625 0.1259765625 0.8525390625 0.1259765625 0.8515625 0.1259765625 0.8505859375 0.1259765625 0.849609375 0.1259765625 0.8486328125 0.1259765625 0.84765625 0.1259765625 0.8466796875 0.1259765625 0.845703125 0.1259765625 0.8447265625 0.1259765625 0.84375 0.1259765625 0.8427734375 0.1259765625 0.841796875 0.125 0.8408203125 0.1240234375 0.8408203125 0.123046875 0.8408203125 0.1220703125 0.8408203125 0.12109375 0.8408203125 0.1201171875 0.8408203125 0.119140625 0.8408203125 0.1181640625 0.8408203125 0.1171875 0.8408203125 0.1162109375 0.8408203125 0.115234375 0.8408203125 0.1142578125 0.8408203125 0.11328125 0.8408203125 0.1123046875 0.8408203125 0.111328125 0.8408203125 0.1103515625 0.8408203125 0.109375 0.8408203125 0.1083984375 0.8408203125 0.107421875 0.8408203125 0.1064453125 0.8408203125 0.10546875 0.8408203125 0.1044921875 0.8408203125 0.103515625 0.8408203125 0.1025390625 0.8408203125 0.1015625 0.8408203125 0.1005859375 0.8408203125 0.099609375 0.8408203125 0.0986328125 0.8408203125 0.09765625 0.8408203125 0.0966796875 0.8408203125 0.095703125 0.8408203125 0.0947265625 0.83984375 0.0947265625 0.8388671875 0.0947265625 0.837890625 0.0947265625 0.8369140625 0.0947265625 0.8359375 0.0947265625 0.8349609375 0.0947265625 0.833984375 0.0947265625 0.8330078125 0.0947265625 0.83203125 0.0947265625 0.8310546875 0.0947265625 0.830078125 0.0947265625 0.8291015625 0.0947265625 0.828125 0.0947265625 0.8271484375 0.0947265625 0.828125 0.0947265625 0.8291015625 0.0947265625 0.830078125 0.0947265625 0.8310546875 0.0947265625 0.83203125 0.0947265625 0.8330078125 0.0947265625 0.833984375 0.0947265625 0.8349609375 0.0947265625 0.8359375 0.0947265625 0.8369140625 0.0947265625 0.837890625 0.0947265625 0.8388671875 0.0947265625 0.83984375 0.095703125 0.8408203125 0.0966796875 0.8408203125 0.09765625 0.8408203125 0.0986328125 0.8408203125 0.099609375 0.8408203125 0.1005859375 0.8408203125 0.1015625 0.8408203125 0.1025390625 0.8408203125 0.103515625 0.8408203125 0.1044921875 0.8408203125 0.10546875 0.8408203125 0.1064453125 0.8408203125 0.107421875 0.8408203125 0.1083984375 0.8408203125 0.109375 0.8408203125 0.1103515625 0.8408203125 0.111328125 0.8408203125 0.1123046875 0.8408203125 0.11328125 0.8408203125 0.1142578125 0.8408203125 0.115234375 0.8408203125 0.1162109375 0.8408203125 0.1171875 0.8408203125 0.1181640625 0.8408203125 0.119140625 0.8408203125 0.1201171875 0.8408203125 0.12109375 0.8408203125 0.1220703125 0.8408203125 0.123046875 0.8408203125 0.1240234375 0.8408203125 0.125 0.8408203125 0.1259765625 0.841796875 0.1259765625 0.8427734375 0.1259765625 0.84375 0.1259765625 0.8447265625 0.1259765625 0.845703125 0.1259765625 0.8466796875 0.1259765625 0.84765625 0.1259765625 0.8486328125 0.1259765625 0.849609375 0.1259765625 0.8505859375 0.1259765625 0.8515625 0.1259765625 0.8525390625 0.1259765625 0.853515625 0.1259765625 0.8544921875 0.1259765625 0.85546875 0.125 0.8564453125 0.1240234375 0.8564453125 0.123046875 0.8564453125 0.1220703125 0.8564453125 0.12109375 0.8564453125 0.1201171875 0.8564453125 0.119140625 0.8564453125 0.1181640625 0.8564453125 0.1171875 0.8564453125 0.1162109375 0.8564453125 0.115234375 0.8564453125 0.1142578125 0.8564453125 0.11328125 0.8564453125 0.1123046875 0.8564453125 0.111328125 0.8564453125 0.1103515625 0.8564453125 0.109375 0.8564453125 0.1083984375 0.8564453125 0.107421875 0.8564453125 0.1064453125 0.8564453125 0.10546875 0.8564453125 0.1044921875 0.8564453125 0.103515625 0.8564453125 0.1025390625 0.8564453125 0.1015625 0.8564453125 0.1005859375 0.8564453125 0.099609375 0.8564453125 0.0986328125 0.8564453125 0.09765625 0.8564453125 0.0966796875 0.8564453125 0.095703125 0.8564453125 0.0947265625 0.8564453125 0.09375 0.8564453125 0.0927734375 0.8564453125 0.091796875 0.8564453125 0.0908203125 0.8564453125 0.08984375 0.8564453125 0.0888671875 0.8564453125 0.087890625 0.8564453125 0.0869140625 0.8564453125 0.0859375 0.8564453125 0.0849609375 0.8564453125 0.083984375 0.8564453125 0.0830078125 0.8564453125 0.08203125 0.8564453125 0.0810546875 0.8564453125 0.080078125 0.8564453125 0.0791015625 0.85546875 0.0791015625 0.8544921875 0.0791015625 0.853515625 0.0791015625 0.8525390625 0.0791015625 0.8515625 0.0791015625 0.8505859375 0.0791015625 0.849609375 0.0791015625 0.8486328125 0.0791015625 0.84765625 0.0791015625 0.8466796875 0.0791015625 0.845703125 0.0791015625 0.8447265625 0.0791015625 0.84375 0.0791015625 0.8427734375 0.0791015625 0.841796875 0.0791015625 0.8408203125 0.0791015625 0.83984375 0.0791015625 0.8388671875 0.0791015625 0.837890625 0.0791015625 0.8369140625 0.0791015625 0.8359375 0.0791015625 0.8349609375 0.0791015625 0.833984375 0.0791015625 0.8330078125 0.0791015625 0.83203125 0.0791015625 0.8310546875 0.0791015625 0.830078125 0.0791015625 0.8291015625 0.0791015625 0.828125 0.0791015625 0.8271484375 0.080078125 0.826171875 0.0810546875 0.8251953125 0.08203125 0.8251953125 0.0830078125 0.8251953125 0.083984375 0.8251953125 0.0849609375 0.8251953125 0.0859375 0.8251953125 0.0869140625 0.8251953125 0.087890625 0.8251953125 0.0888671875 0.8251953125 0.08984375 0.8251953125 0.0908203125 0.8251953125 0.091796875 0.8251953125 0.0927734375 0.8251953125 0.09375 0.8251953125 0.0947265625 0.82421875 0.0947265625 0.8232421875 0.0947265625 0.822265625 0.0947265625 0.8212890625 0.0947265625 0.8203125 0.0947265625 0.8193359375 0.0947265625 0.818359375 0.0947265625 0.8173828125 0.0947265625 0.81640625 0.0947265625 0.8154296875 0.0947265625 0.814453125 0.0947265625 0.8134765625 0.0947265625 0.8125 0.0947265625 0.8115234375 0.095703125 0.810546875 0.0966796875 0.8095703125 0.09765625 0.8095703125 0.0986328125 0.8095703125 0.099609375 0.8095703125 0.1005859375 0.8095703125 0.1015625 0.8095703125 0.1025390625 0.8095703125 0.103515625 0.8095703125 0.1044921875 0.8095703125 0.10546875 0.8095703125 0.1064453125 0.8095703125 0.107421875 0.8095703125 0.1083984375 0.8095703125 0.109375 0.8095703125 0.1103515625 0.810546875 0.1103515625 0.8115234375 0.1103515625 0.8125 0.1103515625 0.8134765625 0.1103515625 0.814453125 0.1103515625 0.8154296875 0.1103515625 0.81640625 0.1103515625 0.8173828125 0.1103515625 0.818359375 0.1103515625 0.8193359375 0.1103515625 0.8203125 0.1103515625 0.8212890625 0.1103515625 0.822265625 0.1103515625 0.8232421875 0.1103515625 0.82421875 0.109375 0.8251953125 0.1083984375 0.8251953125 0.107421875 0.8251953125 0.1064453125 0.8251953125 0.10546875 0.8251953125 0.1044921875 0.8251953125 0.103515625 0.8251953125 0.1025390625 0.8251953125 0.1015625 0.8251953125 0.1005859375 0.8251953125 0.099609375 0.8251953125 0.0986328125 0.8251953125 0.09765625 0.8251953125 0.0966796875 0.8251953125 0.09765625 0.8251953125 0.0986328125 0.8251953125 0.099609375 0.8251953125 0.1005859375 0.8251953125 0.1015625 0.8251953125 0.1025390625 0.8251953125 0.103515625 0.8251953125 0.1044921875 0.8251953125 0.10546875 0.8251953125 0.1064453125 0.8251953125 0.107421875 0.8251953125 0.1083984375 0.8251953125 0.109375 0.8251953125 0.1103515625 0.8251953125 0.1103515625 0.82421875 0.1103515625 0.8232421875 0.1103515625 0.822265625 0.1103515625 0.8212890625 0.1103515625 0.8203125 0.1103515625 0.8193359375 0.1103515625 0.818359375 0.1103515625 0.8173828125 0.1103515625 0.81640625 0.1103515625 0.8154296875 0.1103515625 0.814453125 0.1103515625 0.8134765625 0.1103515625 0.8125 0.1103515625 0.8115234375 0.1103515625 0.810546875 0.109375 0.8095703125 0.1083984375 0.8095703125 0.107421875 0.8095703125 0.1064453125 0.8095703125 0.10546875 0.8095703125 0.1044921875 0.8095703125 0.103515625 0.8095703125 0.1025390625 0.8095703125 0.1015625 0.8095703125 0.1005859375 0.8095703125 0.099609375 0.8095703125 0.0986328125 0.8095703125 0.09765625 0.8095703125
0 0.2216796875 0.7158203125 0.220703125 0.716796875 0.2197265625 0.7177734375 0.2197265625 0.71875 0.2197265625 0.7197265625 0.2197265625 0.720703125 0.2197265625 0.7216796875 0.2197265625 0.72265625 0.2197265625 0.7236328125 0.2197265625 0.724609375 0.2197265625 0.7255859375 0.2197265625 0.7265625 0.2197265625 0.7275390625 0.2197265625 0.728515625 0.2197265625 0.7294921875 0.2197265625 0.73046875 0.220703125 0.7314453125 0.2216796875 0.7314453125 0.22265625 0.7314453125 0.2236328125 0.7314453125 0.224609375 0.7314453125 0.2255859375 0.7314453125 0.2265625 0.7314453125 0.2275390625 0.7314453125 0.228515625 0.7314453125 0.2294921875 0.7314453125 0.23046875 0.7314453125 0.2314453125 0.7314453125 0.232421875 0.7314453125 0.2333984375 0.7314453125 0.234375 0.7314453125 0.2353515625 0.732421875 0.2353515625 0.7333984375 0.2353515625 0.734375 0.2353515625 0.7353515625 0.2353515625 0.736328125 0.2353515625 0.7373046875 0.2353515625 0.73828125 0.2353515625 0.7392578125 0.2353515625 0.740234375 0.2353515625 0.7412109375 0.2353515625 0.7421875 0.2353515625 0.7431640625 0.2353515625 0.744140625 0.2353515625 0.7451171875 0.2353515625 0.74609375 0.236328125 0.7470703125 0.2373046875 0.7470703125 0.23828125 0.7470703125 0.2392578125 0.7470703125 0.240234375 0.7470703125 0.2412109375 0.7470703125 0.2421875 0.7470703125 0.2431640625 0.7470703125 0.244140625 0.7470703125 0.2451171875 0.7470703125 0.24609375 0.7470703125 0.2470703125 0.7470703125 0.248046875 0.7470703125 0.2490234375 0.7470703125 0.25 0.7470703125 0.2509765625 0.7470703125 0.2509765625 0.74609375 0.2509765625 0.7451171875 0.2509765625 0.744140625 0.2509765625 0.7431640625 0.2509765625 0.7421875 0.2509765625 0.7412109375 0.2509765625 0.740234375 0.2509765625 0.7392578125 0.2509765625 0.73828125 0.2509765625 0.7373046875 0.2509765625 0.736328125 0.2509765625 0.7353515625 0.2509765625 0.734375 0.2509765625 0.7333984375 0.2509765625 0.732421875 0.2509765625 0.7314453125 0.2509765625 0.73046875 0.2509765625 0.7294921875 0.2509765625 0.728515625 0.2509765625 0.7275390625 0.2509765625 0.7265625 0.2509765625 0.7255859375 0.2509765625 0.724609375 0.2509765625 0.7236328125 0.2509765625 0.72265625 0.2509765625 0.7216796875 0.2509765625 0.720703125 0.2509765625 0.7197265625 0.2509765625 0.71875 0.2509765625 0.7177734375 0.2509765625 0.716796875 0.25 0.7158203125 0.2490234375 0.7158203125 0.248046875 0.7158203125 0.2470703125 0.7158203125 0.24609375 0.7158203125 0.2451171875 0.7158203125 0.244140625 0.7158203125 0.2431640625 0.7158203125 0.2421875 0.7158203125 0.2412109375 0.7158203125 0.240234375 0.7158203125 0.2392578125 0.7158203125 0.23828125 0.7158203125 0.2373046875 0.7158203125 0.236328125 0.7158203125 0.2353515625 0.7158203125 0.234375 0.7158203125 0.2333984375 0.7158203125 0.232421875 0.7158203125 0.2314453125 0.7158203125 0.23046875 0.7158203125 0.2294921875 0.7158203125 0.228515625 0.7158203125 0.2275390625 0.7158203125 0.2265625 0.7158203125 0.2255859375 0.7158203125 0.224609375 0.7158203125 0.2236328125 0.7158203125 0.22265625 0.7158203125
0 0.0341796875 0.7001953125 0.033203125 0.701171875 0.0322265625 0.7021484375 0.0322265625 0.703125 0.0322265625 0.7041015625 0.0322265625 0.705078125 0.0322265625 0.7060546875 0.0322265625 0.70703125 0.0322265625 0.7080078125 0.0322265625 0.708984375 0.0322265625 0.7099609375 0.0322265625 0.7109375 0.0322265625 0.7119140625 0.0322265625 0.712890625 0.0322265625 0.7138671875 0.0322265625 0.71484375 0.033203125 0.7158203125 0.0341796875 0.7158203125 0.03515625 0.7158203125 0.0361328125 0.7158203125 0.037109375 0.7158203125 0.0380859375 0.7158203125 0.0390625 0.7158203125 0.0400390625 0.7158203125 0.041015625 0.7158203125 0.0419921875 0.7158203125 0.04296875 0.7158203125 0.0439453125 0.7158203125 0.044921875 0.7158203125 0.0458984375 0.7158203125 0.046875 0.7158203125 0.0478515625 0.7158203125 0.0478515625 0.71484375 0.0478515625 0.7138671875 0.0478515625 0.712890625 0.0478515625 0.7119140625 0.0478515625 0.7109375 0.0478515625 0.7099609375 0.0478515625 0.708984375 0.0478515625 0.7080078125 0.0478515625 0.70703125 0.0478515625 0.7060546875 0.0478515625 0.705078125 0.0478515625 0.7041015625 0.0478515625 0.703125 0.0478515625 0.7021484375 0.0478515625 0.701171875 0.046875 0.7001953125 0.0458984375 0.7001953125 0.044921875 0.7001953125 0.0439453125 0.7001953125 0.04296875 0.7001953125 0.0419921875 0.7001953125 0.041015625 0.7001953125 0.0400390625 0.7001953125 0.0390625 0.7001953125 0.0380859375 0.7001953125 0.037109375 0.7001953125 0.0361328125 0.7001953125 0.03515625 0.7001953125
0 0.9873046875 0.6845703125 0.98828125 0.6845703125 0.9892578125 0.6845703125 0.990234375 0.6845703125 0.9912109375 0.6845703125 0.9921875 0.6845703125 0.9931640625 0.6845703125 0.994140625 0.6845703125 0.9951171875 0.6845703125 0.99609375 0.6845703125 0.9970703125 0.6845703125 0.998046875 0.6845703125 0.9990234375 0.6845703125 0.998046875 0.6845703125 0.9970703125 0.6845703125 0.99609375 0.6845703125 0.9951171875 0.6845703125 0.994140625 0.6845703125 0.9931640625 0.6845703125 0.9921875 0.6845703125 0.9912109375 0.6845703125 0.990234375 0.6845703125 0.9892578125 0.6845703125 0.98828125 0.6845703125
0 0.9716796875 0.6533203125 0.970703125 0.654296875 0.9697265625 0.6552734375 0.9697265625 0.65625 0.9697265625 0.6572265625 0.9697265625 0.658203125 0.9697265625 0.6591796875 0.9697265625 0.66015625 0.9697265625 0.6611328125 0.9697265625 0.662109375 0.9697265625 0.6630859375 0.9697265625 0.6640625 0.9697265625 0.6650390625 0.9697265625 0.666015625 0.9697265625 0.6669921875 0.9697265625 0.66796875 0.970703125 0.6689453125 0.9716796875 0.6689453125 0.97265625 0.6689453125 0.9736328125 0.6689453125 0.974609375 0.6689453125 0.9755859375 0.6689453125 0.9765625 0.6689453125 0.9775390625 0.6689453125 0.978515625 0.6689453125 0.9794921875 0.6689453125 0.98046875 0.6689453125 0.9814453125 0.6689453125 0.982421875 0.6689453125 0.9833984375 0.6689453125 0.984375 0.6689453125 0.9853515625 0.669921875 0.9853515625 0.6708984375 0.9853515625 0.671875 0.9853515625 0.6728515625 0.9853515625 0.673828125 0.9853515625 0.6748046875 0.9853515625 0.67578125 0.9853515625 0.6767578125 0.9853515625 0.677734375 0.9853515625 0.6787109375 0.9853515625 0.6796875 0.9853515625 0.6806640625 0.9853515625 0.681640625 0.9853515625 0.6826171875 0.9853515625 0.68359375 0.984375 0.6845703125 0.9833984375 0.6845703125 0.982421875 0.6845703125 0.9814453125 0.6845703125 0.98046875 0.6845703125 0.9794921875 0.6845703125 0.978515625 0.6845703125 0.9775390625 0.6845703125 0.9765625 0.6845703125 0.9755859375 0.6845703125 0.974609375 0.6845703125 0.9736328125 0.6845703125 0.97265625 0.6845703125 0.9716796875 0.6845703125 0.970703125 0.685546875 0.9697265625 0.6865234375 0.9697265625 0.6875 0.9697265625 0.6884765625 0.9697265625 0.689453125 0.9697265625 0.6904296875 0.9697265625 0.69140625 0.9697265625 0.6923828125 0.9697265625 0.693359375 0.9697265625 0.6943359375 0.9697265625 0.6953125 0.9697265625 0.6962890625 0.9697265625 0.697265625 0.9697265625 0.6982421875 0.9697265625 0.69921875 0.9697265625 0.7001953125 0.9697265625 0.701171875 0.9697265625 0.7021484375 0.9697265625 0.703125 0.9697265625 0.7041015625 0.9697265625 0.705078125 0.9697265625 0.7060546875 0.9697265625 0.70703125 0.9697265625 0.7080078125 0.9697265625 0.708984375 0.9697265625 0.7099609375 0.9697265625 0.7109375 0.9697265625 0.7119140625 0.9697265625 0.712890625 0.9697265625 0.7138671875 0.9697265625 0.71484375 0.970703125 0.7158203125 0.9716796875 0.7158203125 0.97265625 0.7158203125 0.9736328125 0.7158203125 0.974609375 0.7158203125 0.9755859375 0.7158203125 0.9765625 0.7158203125 0.9775390625 0.7158203125 0.978515625 0.7158203125 0.9794921875 0.7158203125 0.98046875 0.7158203125 0.9814453125 0.7158203125 0.982421875 0.7158203125 0.9833984375 0.7158203125 0.984375 0.7158203125 0.9853515625 0.7158203125 0.9853515625 0.71484375 0.9853515625 0.7138671875 0.9853515625 0.712890625 0.9853515625 0.7119140625 0.9853515625 0.7109375 0.9853515625 0.7099609375 0.9853515625 0.708984375 0.9853515625 0.7080078125 0.9853515625 0.70703125 0.9853515625 0.7060546875 0.9853515625 0.705078125 0.9853515625 0.7041015625 0.9853515625 0.703125 0.9853515625 0.7021484375 0.9853515625 0.701171875 0.9853515625 0.7001953125 0.9853515625 0.69921875 0.9853515625 0.6982421875 0.9853515625 0.697265625 0.9853515625 0.6962890625 0.9853515625 0.6953125 0.9853515625 0.6943359375 0.9853515625 0.693359375 0.9853515625 0.6923828125 0.9853515625 0.69140625 0.9853515625 0.6904296875 0.9853515625 0.689453125 0.9853515625 0.6884765625 0.9853515625 0.6875 0.9853515625 0.6865234375 0.9853515625 0.6875 0.9853515625 0.6884765625 0.9853515625 0.689453125 0.9853515625 0.6904296875 0.9853515625 0.69140625 0.9853515625 0.6923828125 0.9853515625 0.693359375 0.9853515625 0.6943359375 0.9853515625 0.6953125 0.9853515625 0.6962890625 0.9853515625 0.697265625 0.9853515625 0.6982421875 0.9853515625 0.69921875 0.9853515625 0.7001953125 0.9853515625 0.701171875 0.9853515625 0.7021484375 0.9853515625 0.703125 0.9853515625 0.7041015625 0.9853515625 0.705078125 0.9853515625 0.7060546875 0.9853515625 0.70703125 0.9853515625 0.7080078125 0.9853515625 0.708984375 0.9853515625 0.7099609375 0.9853515625 0.7109375 0.9853515625 0.7119140625 0.9853515625 0.712890625 0.9853515625 0.7138671875 0.9853515625 0.71484375 0.984375 0.7158203125 0.9833984375 0.7158203125 0.982421875 0.7158203125 0.9814453125 0.7158203125 0.98046875 0.7158203125 0.9794921875 0.7158203125 0.978515625 0.7158203125 0.9775390625 0.7158203125 0.9765625 0.7158203125 0.9755859375 0.7158203125 0.974609375 0.7158203125 0.9736328125 0.7158203125 0.97265625 0.7158203125 0.9716796875 0.7158203125 0.970703125 0.7158203125 0.9697265625 0.71484375 0.9697265625 0.7138671875 0.9697265625 0.712890625 0.9697265625 0.7119140625 0.9697265625 0.7109375 0.9697265625 0.7099609375 0.9697265625 0.708984375 0.9697265625 0.7080078125 0.9697265625 0.70703125 0.9697265625 0.7060546875 0.9697265625 0.705078125 0.9697265625 0.7041015625 0.9697265625 0.703125 0.9697265625 0.7021484375 0.9697265625 0.701171875 0.9697265625 0.7001953125 0.9697265625 0.69921875 0.9697265625 0.6982421875 0.9697265625 0.697265625 0.9697265625 0.6962890625 0.9697265625 0.6953125 0.9697265625 0.6943359375 0.9697265625 0.693359375 0.9697265625 0.6923828125 0.9697265625 0.69140625 0.9697265625 0.6904296875 0.9697265625 0.689453125 0.9697265625 0.6884765625 0.9697265625 0.6875 0.9697265625 0.6865234375 0.970703125 0.685546875 0.9716796875 0.6845703125 0.97265625 0.6845703125 0.9736328125 0.6845703125 0.974609375 0.6845703125 0.9755859375 0.6845703125 0.9765625 0.6845703125 0.9775390625 0.6845703125 0.978515625 0.6845703125 0.9794921875 0.6845703125 0.98046875 0.6845703125 0.9814453125 0.6845703125 0.982421875 0.6845703125 0.9833984375 0.6845703125 0.984375 0.6845703125 0.9853515625 0.68359375 0.9853515625 0.6826171875 0.9853515625 0.681640625 0.9853515625 0.6806640625 0.9853515625 0.6796875 0.9853515625 0.6787109375 0.9853515625 0.677734375 0.9853515625 0.6767578125 0.9853515625 0.67578125 0.9853515625 0.6748046875 0.9853515625 0.673828125 0.9853515625 0.6728515625 0.9853515625 0.671875 0.9853515625 0.6708984375 0.9853515625 0.669921875 0.984375 0.6689453125 0.9833984375 0.6689453125 0.982421875 0.6689453125 0.9814453125 0.6689453125 0.98046875 0.6689453125 0.9794921875 0.6689453125 0.978515625 0.6689453125 0.9775390625 0.6689453125 0.9765625 0.6689453125 0.9755859375 0.6689453125 0.974609375 0.6689453125 0.9736328125 0.6689453125 0.97265625 0.6689453125 0.9716796875 0.6689453125 0.970703125 0.6689453125 0.9697265625 0.66796875 0.9697265625 0.6669921875 0.9697265625 0.666015625 0.9697265625 0.6650390625 0.9697265625 0.6640625 0.9697265625 0.6630859375 0.9697265625 0.662109375 0.9697265625 0.6611328125 0.9697265625 0.66015625 0.9697265625 0.6591796875 0.9697265625 0.658203125 0.9697265625 0.6572265625 0.9697265625 0.65625 0.9697265625 0.6552734375 0.970703125 0.654296875 0.9716796875 0.6533203125 0.97265625 0.6533203125 0.9736328125 0.6533203125 0.974609375 0.6533203125 0.9755859375 0.6533203125 0.9765625 0.6533203125 0.9775390625 0.6533203125 0.978515625 0.6533203125 0.9794921875 0.6533203125 0.98046875 0.6533203125 0.9814453125 0.6533203125 0.982421875 0.6533203125 0.9833984375 0.6533203125 0.984375 0.6533203125 0.9853515625 0.6533203125 0.986328125 0.6533203125 0.9873046875 0.6533203125 0.98828125 0.6533203125 0.9892578125 0.6533203125 0.990234375 0.6533203125 0.9912109375 0.6533203125 0.9921875 0.6533203125 0.9931640625 0.6533203125 0.994140625 0.6533203125 0.9951171875 0.6533203125 0.99609375 0.6533203125 0.9970703125 0.6533203125 0.998046875 0.6533203125 0.9990234375 0.6533203125 0.998046875 0.6533203125 0.9970703125 0.6533203125 0.99609375 0.6533203125 0.9951171875 0.6533203125 0.994140625 0.6533203125 0.9931640625 0.6533203125 0.9921875 0.6533203125 0.9912109375 0.6533203125 0.990234375 0.6533203125 0.9892578125 0.6533203125 0.98828125 0.6533203125 0.9873046875 0.6533203125 0.986328125 0.6533203125 0.9853515625 0.6533203125 0.984375 0.6533203125 0.9833984375 0.6533203125 0.982421875 0.6533203125 0.9814453125 0.6533203125 0.98046875 0.6533203125 0.9794921875 0.6533203125 0.978515625 0.6533203125 0.9775390625 0.6533203125 0.9765625 0.6533203125 0.9755859375 0.6533203125 0.974609375 0.6533203125 0.9736328125 0.6533203125 0.97265625 0.6533203125
0 0.9716796875 0.5908203125 0.970703125 0.591796875 0.9697265625 0.5927734375 0.9697265625 0.59375 0.9697265625 0.5947265625 0.9697265625 0.595703125 0.9697265625 0.5966796875 0.9697265625 0.59765625 0.9697265625 0.5986328125 0.9697265625 0.599609375 0.9697265625 0.6005859375 0.9697265625 0.6015625 0.9697265625 0.6025390625 0.9697265625 0.603515625 0.9697265625 0.6044921875 0.9697265625 0.60546875 0.970703125 0.6064453125 0.9716796875 0.6064453125 0.97265625 0.6064453125 0.9736328125 0.6064453125 0.974609375 0.6064453125 0.9755859375 0.6064453125 0.9765625 0.6064453125 0.9775390625 0.6064453125 0.978515625 0.6064453125 0.9794921875 0.6064453125 0.98046875 0.6064453125 0.9814453125 0.6064453125 0.982421875 0.6064453125 0.9833984375 0.6064453125 0.984375 0.6064453125 0.9853515625 0.6064453125 0.9853515625 0.60546875 0.9853515625 0.6044921875 0.9853515625 0.603515625 0.9853515625 0.6025390625 0.9853515625 0.6015625 0.9853515625 0.6005859375 0.9853515625 0.599609375 0.9853515625 0.5986328125 0.9853515625 0.59765625 0.9853515625 0.5966796875 0.9853515625 0.595703125 0.9853515625 0.5947265625 0.9853515625 0.59375 0.9853515625 0.5927734375 0.9853515625 0.591796875 0.984375 0.5908203125 0.9833984375 0.5908203125 0.982421875 0.5908203125 0.9814453125 0.5908203125 0.98046875 0.5908203125 0.9794921875 0.5908203125 0.978515625 0.5908203125 0.9775390625 0.5908203125 0.9765625 0.5908203125 0.9755859375 0.5908203125 0.974609375 0.5908203125 0.9736328125 0.5908203125 0.97265625 0.5908203125
0 0.2216796875 0.5595703125 0.220703125 0.560546875 0.2197265625 0.5615234375 0.2197265625 0.5625 0.2197265625 0.5634765625 0.2197265625 0.564453125 0.2197265625 0.5654296875 0.2197265625 0.56640625 0.2197265625 0.5673828125 0.2197265625 0.568359375 0.2197265625 0.5693359375 0.2197265625 0.5703125 0.2197265625 0.5712890625 0.2197265625 0.572265625 0.2197265625 0.5732421875 0.2197265625 0.57421875 0.220703125 0.5751953125 0.2216796875 0.5751953125 0.22265625 0.5751953125 0.2236328125 0.5751953125 0.224609375 0.5751953125 0.2255859375 0.5751953125 0.2265625 0.5751953125 0.2275390625 0.5751953125 0.228515625 0.5751953125 0.2294921875 0.5751953125 0.23046875 0.5751953125 0.2314453125 0.5751953125 0.232421875 0.5751953125 0.2333984375 0.5751953125 0.234375 0.5751953125 0.2353515625 0.5751953125 0.2353515625 0.57421875 0.2353515625 0.5732421875 0.2353515625 0.572265625 0.2353515625 0.5712890625 0.2353515625 0.5703125 0.2353515625 0.5693359375 0.2353515625 0.568359375 0.2353515625 0.5673828125 0.2353515625 0.56640625 0.2353515625 0.5654296875 0.2353515625 0.564453125 0.2353515625 0.5634765625 0.2353515625 0.5625 0.2353515625 0.5615234375 0.2353515625 0.560546875 0.234375 0.5595703125 0.2333984375 0.5595703125 0.232421875 0.5595703125 0.2314453125 0.5595703125 0.23046875 0.5595703125 0.2294921875 0.5595703125 0.228515625 0.5595703125 0.2275390625 0.5595703125 0.2265625 0.5595703125 0.2255859375 0.5595703125 0.224609375 0.5595703125 0.2236328125 0.5595703125 0.22265625 0.5595703125
0 0.9716796875 0.5283203125 0.970703125 0.529296875 0.9697265625 0.5302734375 0.9697265625 0.53125 0.9697265625 0.5322265625 0.9697265625 0.533203125 0.9697265625 0.5341796875 0.9697265625 0.53515625 0.9697265625 0.5361328125 0.9697265625 0.537109375 0.9697265625 0.5380859375 0.9697265625 0.5390625 0.9697265625 0.5400390625 0.9697265625 0.541015625 0.9697265625 0.5419921875 0.9697265625 0.54296875 0.970703125 0.5439453125 0.9716796875 0.5439453125 0.97265625 0.5439453125 0.9736328125 0.5439453125 0.974609375 0.5439453125 0.9755859375 0.5439453125 0.9765625 0.5439453125 0.9775390625 0.5439453125 0.978515625 0.5439453125 0.9794921875 0.5439453125 0.98046875 0.5439453125 0.9814453125 0.5439453125 0.982421875 0.5439453125 0.9833984375 0.5439453125 0.984375 0.5439453125 0.9853515625 0.5439453125 0.9853515625 0.54296875 0.9853515625 0.5419921875 0.9853515625 0.541015625 0.9853515625 0.5400390625 0.9853515625 0.5390625 0.9853515625 0.5380859375 0.9853515625 0.537109375 0.9853515625 0.5361328125 0.9853515625 0.53515625 0.9853515625 0.5341796875 0.9853515625 0.533203125 0.9853515625 0.5322265625 0.9853515625 0.53125 0.9853515625 0.5302734375 0.9853515625 0.529296875 0.984375 0.5283203125 0.9833984375 0.5283203125 0.982421875 0.5283203125 0.9814453125 0.5283203125 0.98046875 0.5283203125 0.9794921875 0.5283203125 0.978515625 0.5283203125 0.9775390625 0.5283203125 0.9765625 0.5283203125 0.9755859375 0.5283203125 0.974609375 0.5283203125 0.9736328125 0.5283203125 0.97265625 0.5283203125
0 0.9716796875 0.4501953125 0.970703125 0.451171875 0.9697265625 0.4521484375 0.9697265625 0.453125 0.9697265625 0.4541015625 0.9697265625 0.455078125 0.9697265625 0.4560546875 0.9697265625 0.45703125 0.9697265625 0.4580078125 0.9697265625 0.458984375 0.9697265625 0.4599609375 0.9697265625 0.4609375 0.9697265625 0.4619140625 0.9697265625 0.462890625 0.9697265625 0.4638671875 0.9697265625 0.46484375 0.96875 0.4658203125 0.9677734375 0.4658203125 0.966796875 0.4658203125 0.9658203125 0.4658203125 0.96484375 0.4658203125 0.9638671875 0.4658203125 0.962890625 0.4658203125 0.9619140625 0.4658203125 0.9609375 0.4658203125 0.9599609375 0.4658203125 0.958984375 0.4658203125 0.9580078125 0.4658203125 0.95703125 0.4658203125 0.9560546875 0.4658203125 0.955078125 0.466796875 0.9541015625 0.4677734375 0.9541015625 0.46875 0.9541015625 0.4697265625 0.9541015625 0.470703125 0.9541015625 0.4716796875 0.9541015625 0.47265625 0.9541015625 0.4736328125 0.9541015625 0.474609375 0.9541015625 0.4755859375 0.9541015625 0.4765625 0.9541015625 0.4775390625 0.9541015625 0.478515625 0.9541015625 0.4794921875 0.9541015625 0.48046875 0.955078125 0.4814453125 0.9560546875 0.4814453125 0.95703125 0.4814453125 0.9580078125 0.4814453125 0.958984375 0.4814453125 0.9599609375 0.4814453125 0.9609375 0.4814453125 0.9619140625 0.4814453125 0.962890625 0.4814453125 0.9638671875 0.4814453125 0.96484375 0.4814453125 0.9658203125 0.4814453125 0.966796875 0.4814453125 0.9677734375 0.4814453125 0.96875 0.4814453125 0.9697265625 0.4814453125 0.970703125 0.4814453125 0.9716796875 0.4814453125 0.97265625 0.4814453125 0.9736328125 0.4814453125 0.974609375 0.4814453125 0.9755859375 0.4814453125 0.9765625 0.4814453125 0.9775390625 0.4814453125 0.978515625 0.4814453125 0.9794921875 0.4814453125 0.98046875 0.4814453125 0.9814453125 0.4814453125 0.982421875 0.4814453125 0.9833984375 0.4814453125 0.984375 0.4814453125 0.9853515625 0.4814453125 0.986328125 0.4814453125 0.9873046875 0.4814453125 0.98828125 0.4814453125 0.9892578125 0.4814453125 0.990234375 0.4814453125 0.9912109375 0.4814453125 0.9921875 0.4814453125 0.9931640625 0.4814453125 0.994140625 0.4814453125 0.9951171875 0.4814453125 0.99609375 0.4814453125 0.9970703125 0.4814453125 0.998046875 0.4814453125 0.9990234375 0.4814453125 0.998046875 0.4814453125 0.9970703125 0.4814453125 0.99609375 0.4814453125 0.9951171875 0.4814453125 0.994140625 0.4814453125 0.9931640625 0.4814453125 0.9921875 0.4814453125 0.9912109375 0.4814453125 0.990234375 0.4814453125 0.9892578125 0.4814453125 0.98828125 0.4814453125 0.9873046875 0.4814453125 0.986328125 0.4814453125 0.9853515625 0.4814453125 0.984375 0.4814453125 0.9833984375 0.4814453125 0.982421875 0.4814453125 0.9814453125 0.4814453125 0.98046875 0.4814453125 0.9794921875 0.4814453125 0.978515625 0.4814453125 0.9775390625 0.4814453125 0.9765625 0.4814453125 0.9755859375 0.4814453125 0.974609375 0.4814453125 0.9736328125 0.4814453125 0.97265625 0.4814453125 0.9716796875 0.4814453125 0.970703125 0.4814453125 0.9697265625 0.4814453125 0.96875 0.4814453125 0.9677734375 0.4814453125 0.966796875 0.4814453125 0.9658203125 0.4814453125 0.96484375 0.4814453125 0.9638671875 0.4814453125 0.962890625 0.4814453125 0.9619140625 0.4814453125 0.9609375 0.4814453125 0.9599609375 0.4814453125 0.958984375 0.4814453125 0.9580078125 0.4814453125 0.95703125 0.4814453125 0.9560546875 0.4814453125 0.955078125 0.4814453125 0.9541015625 0.48046875 0.9541015625 0.4794921875 0.9541015625 0.478515625 0.9541015625 0.4775390625 0.9541015625 0.4765625 0.9541015625 0.4755859375 0.9541015625 0.474609375 0.9541015625 0.4736328125 0.9541015625 0.47265625 0.9541015625 0.4716796875 0.9541015625 0.470703125 0.9541015625 0.4697265625 0.9541015625 0.46875 0.9541015625 0.4677734375 0.955078125 0.466796875 0.9560546875 0.4658203125 0.95703125 0.4658203125 0.9580078125 0.4658203125 0.958984375 0.4658203125 0.9599609375 0.4658203125 0.9609375 0.4658203125 0.9619140625 0.4658203125 0.962890625 0.4658203125 0.9638671875 0.4658203125 0.96484375 0.4658203125 0.9658203125 0.4658203125 0.966796875 0.4658203125 0.9677734375 0.4658203125 0.96875 0.4658203125 0.9697265625 0.4658203125 0.9697265625 0.46484375 0.9697265625 0.4638671875 0.9697265625 0.462890625 0.9697265625 0.4619140625 0.9697265625 0.4609375 0.9697265625 0.4599609375 0.9697265625 0.458984375 0.9697265625 0.4580078125 0.9697265625 0.45703125 0.9697265625 0.4560546875 0.9697265625 0.455078125 0.9697265625 0.4541015625 0.9697265625 0.453125 0.9697265625 0.4521484375 0.970703125 0.451171875 0.9716796875 0.4501953125 0.97265625 0.4501953125 0.9736328125 0.4501953125 0.974609375 0.4501953125 0.9755859375 0.4501953125 0.9765625 0.4501953125 0.9775390625 0.4501953125 0.978515625 0.4501953125 0.9794921875 0.4501953125 0.98046875 0.4501953125 0.9814453125 0.4501953125 0.982421875 0.4501953125 0.9833984375 0.4501953125 0.984375 0.4501953125 0.9853515625 0.451171875 0.9853515625 0.4521484375 0.9853515625 0.453125 0.9853515625 0.4541015625 0.9853515625 0.455078125 0.9853515625 0.4560546875 0.9853515625 0.45703125 0.9853515625 0.4580078125 0.9853515625 0.458984375 0.9853515625 0.4599609375 0.9853515625 0.4609375 0.9853515625 0.4619140625 0.9853515625 0.462890625 0.9853515625 0.4638671875 0.9853515625 0.46484375 0.986328125 0.4658203125 0.9873046875 0.4658203125 0.98828125 0.4658203125 0.9892578125 0.4658203125 0.990234375 0.4658203125 0.9912109375 0.4658203125 0.9921875 0.4658203125 0.9931640625 0.4658203125 0.994140625 0.4658203125 0.9951171875 0.4658203125 0.99609375 0.4658203125 0.9970703125 0.4658203125 0.998046875 0.4658203125 0.9990234375 0.4658203125 0.998046875 0.4658203125 0.9970703125 0.4658203125 0.99609375 0.4658203125 0.9951171875 0.4658203125 0.994140625 0.4658203125 0.9931640625 0.4658203125 0.9921875 0.4658203125 0.9912109375 0.4658203125 0.990234375 0.4658203125 0.9892578125 0.4658203125 0.98828125 0.4658203125 0.9873046875 0.4658203125 0.986328125 0.4658203125 0.9853515625 0.46484375 0.9853515625 0.4638671875 0.9853515625 0.462890625 0.9853515625 0.4619140625 0.9853515625 0.4609375 0.9853515625 0.4599609375 0.9853515625 0.458984375 0.9853515625 0.4580078125 0.9853515625 0.45703125 0.9853515625 0.4560546875 0.9853515625 0.455078125 0.9853515625 0.4541015625 0.9853515625 0.453125 0.9853515625 0.4521484375 0.9853515625 0.451171875 0.984375 0.4501953125 0.9833984375 0.4501953125 0.982421875 0.4501953125 0.9814453125 0.4501953125 0.98046875 0.4501953125 0.9794921875 0.4501953125 0.978515625 0.4501953125 0.9775390625 0.4501953125 0.9765625 0.4501953125 0.9755859375 0.4501953125 0.974609375 0.4501953125 0.9736328125 0.4501953125 0.97265625 0.4501953125
0 0.8623046875 0.2626953125 0.861328125 0.263671875 0.8603515625 0.2646484375 0.8603515625 0.265625 0.8603515625 0.2666015625 0.8603515625 0.267578125 0.8603515625 0.2685546875 0.8603515625 0.26953125 0.8603515625 0.2705078125 0.8603515625 0.271484375 0.8603515625 0.2724609375 0.8603515625 0.2734375 0.8603515625 0.2744140625 0.8603515625 0.275390625 0.8603515625 0.2763671875 0.8603515625 0.27734375 0.861328125 0.2783203125 0.8623046875 0.2783203125 0.86328125 0.2783203125 0.8642578125 0.2783203125 0.865234375 0.2783203125 0.8662109375 0.2783203125 0.8671875 0.2783203125 0.8681640625 0.2783203125 0.869140625 0.2783203125 0.8701171875 0.2783203125 0.87109375 0.2783203125 0.8720703125 0.2783203125 0.873046875 0.2783203125 0.8740234375 0.2783203125 0.875 0.2783203125 0.8759765625 0.2783203125 0.8759765625 0.27734375 0.8759765625 0.2763671875 0.8759765625 0.275390625 0.8759765625 0.2744140625 0.8759765625 0.2734375 0.8759765625 0.2724609375 0.8759765625 0.271484375 0.8759765625 0.2705078125 0.8759765625 0.26953125 0.8759765625 0.2685546875 0.8759765625 0.267578125 0.8759765625 0.2666015625 0.8759765625 0.265625 0.8759765625 0.2646484375 0.8759765625 0.263671875 0.875 0.2626953125 0.8740234375 0.2626953125 0.873046875 0.2626953125 0.8720703125 0.2626953125 0.87109375 0.2626953125 0.8701171875 0.2626953125 0.869140625 0.2626953125 0.8681640625 0.2626953125 0.8671875 0.2626953125 0.8662109375 0.2626953125 0.865234375 0.2626953125 0.8642578125 0.2626953125 0.86328125 0.2626953125
0 0.8935546875 0.1845703125 0.892578125 0.185546875 0.8916015625 0.1865234375 0.8916015625 0.1875 0.8916015625 0.1884765625 0.8916015625 0.189453125 0.8916015625 0.1904296875 0.8916015625 0.19140625 0.8916015625 0.1923828125 0.8916015625 0.193359375 0.8916015625 0.1943359375 0.8916015625 0.1953125 0.8916015625 0.1962890625 0.8916015625 0.197265625 0.8916015625 0.1982421875 0.8916015625 0.19921875 0.892578125 0.2001953125 0.8935546875 0.2001953125 0.89453125 0.2001953125 0.8955078125 0.2001953125 0.896484375 0.2001953125 0.8974609375 0.2001953125 0.8984375 0.2001953125 0.8994140625 0.2001953125 0.900390625 0.2001953125 0.9013671875 0.2001953125 0.90234375 0.2001953125 0.9033203125 0.2001953125 0.904296875 0.2001953125 0.9052734375 0.2001953125 0.90625 0.2001953125 0.9072265625 0.2001953125 0.9072265625 0.19921875 0.9072265625 0.1982421875 0.9072265625 0.197265625 0.9072265625 0.1962890625 0.9072265625 0.1953125 0.9072265625 0.1943359375 0.9072265625 0.193359375 0.9072265625 0.1923828125 0.9072265625 0.19140625 0.9072265625 0.1904296875 0.9072265625 0.189453125 0.9072265625 0.1884765625 0.9072265625 0.1875 0.9072265625 0.1865234375 0.9072265625 0.185546875 0.90625 0.1845703125 0.9052734375 0.1845703125 0.904296875 0.1845703125 0.9033203125 0.1845703125 0.90234375 0.1845703125 0.9013671875 0.1845703125 0.900390625 0.1845703125 0.8994140625 0.1845703125 0.8984375 0.1845703125 0.8974609375 0.1845703125 0.896484375 0.1845703125 0.8955078125 0.1845703125 0.89453125 0.1845703125
