0 0.9873046875 0.919921875 0.986328125 0.9208984375 0.9853515625 0.921875 0.9853515625 0.9228515625 0.9853515625 0.923828125 0.9853515625 0.9248046875 0.9853515625 0.92578125 0.9853515625 0.9267578125 0.9853515625 0.927734375 0.9853515625 0.9287109375 0.9853515625 0.9296875 0.9853515625 0.9306640625 0.9853515625 0.931640625 0.9853515625 0.9326171875 0.9853515625 0.93359375 0.9853515625 0.9345703125 0.984375 0.935546875 0.9833984375 0.935546875 0.982421875 0.935546875 0.9814453125 0.935546875 0.98046875 0.935546875 0.9794921875 0.935546875 0.978515625 0.935546875 0.9775390625 0.935546875 0.9765625 0.935546875 0.9755859375 0.935546875 0.974609375 0.935546875 0.9736328125 0.935546875 0.97265625 0.935546875 0.9716796875 0.935546875 0.970703125 0.9365234375 0.9697265625 0.9375 0.9697265625 0.9384765625 0.9697265625 0.939453125 0.9697265625 0.9404296875 0.9697265625 0.94140625 0.9697265625 0.9423828125 0.9697265625 0.943359375 0.9697265625 0.9443359375 0.9697265625 0.9453125 0.9697265625 0.9462890625 0.9697265625 0.947265625 0.9697265625 0.9482421875 0.9697265625 0.94921875 0.9697265625 0.9501953125 0.970703125 0.951171875 0.9716796875 0.951171875 0.97265625 0.951171875 0.9736328125 0.951171875 0.974609375 0.951171875 0.9755859375 0.951171875 0.9765625 0.951171875 0.9775390625 0.951171875 0.978515625 0.951171875 0.9794921875 0.951171875 0.98046875 0.951171875 0.9814453125 0.951171875 0.982421875 0.951171875 0.9833984375 0.951171875 0.984375 0.951171875 0.9853515625 0.9521484375 0.9853515625 0.953125 0.9853515625 0.9541015625 0.9853515625 0.955078125 0.9853515625 0.9560546875 0.9853515625 0.95703125 0.9853515625 0.9580078125 0.9853515625 0.958984375 0.9853515625 0.9599609375 0.9853515625 0.9609375 0.9853515625 0.9619140625 0.9853515625 0.962890625 0.9853515625 0.9638671875 0.9853515625 0.96484375 0.9853515625 0.9658203125 0.986328125 0.966796875 0.9873046875 0.966796875 0.98828125 0.966796875 0.9892578125 0.966796875 0.990234375 0.966796875 0.9912109375 0.966796875 0.9921875 0.966796875 0.9931640625 0.966796875 0.994140625 0.966796875 0.9951171875 0.966796875 0.99609375 0.966796875 0.9970703125 0.966796875 0.998046875 0.966796875 0.9990234375 0.966796875 0.998046875 0.966796875 0.9970703125 0.966796875 0.99609375 0.966796875 0.9951171875 0.966796875 0.994140625 0.966796875 0.9931640625 0.966796875 0.9921875 0.966796875 0.9912109375 0.966796875 0.990234375 0.966796875 0.9892578125 0.966796875 0.98828125 0.966796875 0.9873046875 0.966796875 0.986328125 0.966796875 0.9853515625 0.9658203125 0.9853515625 0.96484375 0.9853515625 0.9638671875 0.9853515625 0.962890625 0.9853515625 0.9619140625 0.9853515625 0.9609375 0.9853515625 0.9599609375 0.9853515625 0.958984375 0.9853515625 0.9580078125 0.9853515625 0.95703125 0.9853515625 0.9560546875 0.9853515625 0.955078125 0.9853515625 0.9541015625 0.9853515625 0.953125 0.9853515625 0.9521484375 0.984375 0.951171875 0.9833984375 0.951171875 0.982421875 0.951171875 0.9814453125 0.951171875 0.98046875 0.951171875 0.9794921875 0.951171875 0.978515625 0.951171875 0.9775390625 0.951171875 0.9765625 0.951171875 0.9755859375 0.951171875 0.974609375 0.951171875 0.9736328125 0.951171875 0.97265625 0.951171875 0.9716796875 0.951171875 0.970703125 0.951171875 0.9697265625 0.9501953125 0.9697265625 0.94921875 0.9697265625 0.9482421875 0.9697265625 0.947265625 0.9697265625 0.9462890625 0.9697265625 0.9453125 0.9697265625 0.9443359375 0.9697265625 0.943359375 0.9697265625 0.9423828125 0.9697265625 0.94140625 0.9697265625 0.9404296875 0.9697265625 0.939453125 0.9697265625 0.9384765625 0.9697265625 0.9375 0.970703125 0.9365234375 0.9716796875 0.935546875 0.97265625 0.935546875 0.9736328125 0.935546875 0.974609375 0.935546875 0.9755859375 0.935546875 0.9765625 0.935546875 0.9775390625 0.935546875 0.978515625 0.935546875 0.9794921875 0.935546875 0.98046875 0.935546875 0.9814453125 0.935546875 0.982421875 0.935546875 0.9833984375 0.935546875 0.984375 0.935546875 0.9853515625 0.935546875 0.9853515625 0.9345703125 0.9853515625 0.93359375 0.9853515625 0.9326171875 0.9853515625 0.931640625 0.9853515625 0.9306640625 0.9853515625 0.9296875 0.9853515625 0.9287109375 0.9853515625 0.927734375 0.9853515625 0.9267578125 0.9853515625 0.92578125 0.9853515625 0.9248046875 0.9853515625 0.923828125 0.9853515625 0.9228515625 0.9853515625 0.921875 0.986328125 0.9208984375 0.9873046875 0.919921875 0.98828125 0.919921875 0.9892578125 0.919921875 0.990234375 0.919921875 0.9912109375 0.919921875 0.9921875 0.919921875 0.9931640625 0.919921875 0.994140625 0.919921875 0.9951171875 0.919921875 0.99609375 0.919921875 0.9970703125 0.919921875 0.998046875 0.919921875 0.9990234375 0.919921875 0.998046875 0.919921875 0.9970703125 0.919921875 0.99609375 0.919921875 0.9951171875 0.919921875 0.994140625 0.919921875 0.9931640625 0.919921875 0.9921875 0.919921875 0.9912109375 0.919921875 0.990234375 0.919921875 0.9892578125 0.919921875 0.98828125 0.919921875
0 0.9560546875 0.794921875 0.955078125 0.7958984375 0.9541015625 0.796875 0.9541015625 0.7978515625 0.9541015625 0.798828125 0.9541015625 0.7998046875 0.9541015625 0.80078125 0.9541015625 0.8017578125 0.9541015625 0.802734375 0.9541015625 0.8037109375 0.9541015625 0.8046875 0.9541015625 0.8056640625 0.9541015625 0.806640625 0.9541015625 0.8076171875 0.9541015625 0.80859375 0.9541015625 0.8095703125 0.955078125 0.810546875 0.9560546875 0.810546875 0.95703125 0.810546875 0.9580078125 0.810546875 0.958984375 0.810546875 0.9599609375 0.810546875 0.9609375 0.810546875 0.9619140625 0.810546875 0.962890625 0.810546875 0.9638671875 0.810546875 0.96484375 0.810546875 0.9658203125 0.810546875 0.966796875 0.810546875 0.9677734375 0.810546875 0.96875 0.810546875 0.9697265625 0.810546875 0.9697265625 0.8095703125 0.9697265625 0.80859375 0.9697265625 0.8076171875 0.9697265625 0.806640625 0.9697265625 0.8056640625 0.9697265625 0.8046875 0.9697265625 0.8037109375 0.9697265625 0.802734375 0.9697265625 0.8017578125 0.9697265625 0.80078125 0.9697265625 0.7998046875 0.9697265625 0.798828125 0.9697265625 0.7978515625 0.9697265625 0.796875 0.9697265625 0.7958984375 0.96875 0.794921875 0.9677734375 0.794921875 0.966796875 0.794921875 0.9658203125 0.794921875 0.96484375 0.794921875 0.9638671875 0.794921875 0.962890625 0.794921875 0.9619140625 0.794921875 0.9609375 0.794921875 0.9599609375 0.794921875 0.958984375 0.794921875 0.9580078125 0.794921875 0.95703125 0.794921875
0 0.8623046875 0.716796875 0.861328125 0.7177734375 0.8603515625 0.71875 0.8603515625 0.7197265625 0.8603515625 0.720703125 0.8603515625 0.7216796875 0.8603515625 0.72265625 0.8603515625 0.7236328125 0.8603515625 0.724609375 0.8603515625 0.7255859375 0.8603515625 0.7265625 0.8603515625 0.7275390625 0.8603515625 0.728515625 0.8603515625 0.7294921875 0.8603515625 0.73046875 0.8603515625 0.7314453125 0.861328125 0.732421875 0.8623046875 0.732421875 0.86328125 0.732421875 0.8642578125 0.732421875 0.865234375 0.732421875 0.8662109375 0.732421875 0.8671875 0.732421875 0.8681640625 0.732421875 0.869140625 0.732421875 0.8701171875 0.732421875 0.87109375 0.732421875 0.8720703125 0.732421875 0.873046875 0.732421875 0.8740234375 0.732421875 0.875 0.732421875 0.8759765625 0.732421875 0.8759765625 0.7314453125 0.8759765625 0.73046875 0.8759765625 0.7294921875 0.8759765625 0.728515625 0.8759765625 0.7275390625 0.8759765625 0.7265625 0.8759765625 0.7255859375 0.8759765625 0.724609375 0.8759765625 0.7236328125 0.8759765625 0.72265625 0.8759765625 0.7216796875 0.8759765625 0.720703125 0.8759765625 0.7197265625 0.8759765625 0.71875 0.8759765625 0.7177734375 0.875 0.716796875 0.8740234375 0.716796875 0.873046875 0.716796875 0.8720703125 0.716796875 0.87109375 0.716796875 0.8701171875 0.716796875 0.869140625 0.716796875 0.8681640625 0.716796875 0.8671875 0.716796875 0.8662109375 0.716796875 0.865234375 0.716796875 0.8642578125 0.716796875 0.86328125 0.716796875
0 0.5341796875 0.560546875 0.533203125 0.5615234375 0.5322265625 0.5625 0.5322265625 0.5634765625 0.5322265625 0.564453125 0.5322265625 0.5654296875 0.5322265625 0.56640625 0.5322265625 0.5673828125 0.5322265625 0.568359375 0.5322265625 0.5693359375 0.5322265625 0.5703125 0.5322265625 0.5712890625 0.5322265625 0.572265625 0.5322265625 0.5732421875 0.5322265625 0.57421875 0.5322265625 0.5751953125 0.5322265625 0.576171875 0.5322265625 0.5771484375 0.5322265625 0.578125 0.5322265625 0.5791015625 0.5322265625 0.580078125 0.5322265625 0.5810546875 0.5322265625 0.58203125 0.5322265625 0.5830078125 0.5322265625 0.583984375 0.5322265625 0.5849609375 0.5322265625 0.5859375 0.5322265625 0.5869140625 0.5322265625 0.587890625 0.5322265625 0.5888671875 0.5322265625 0.58984375 0.5322265625 0.5908203125 0.533203125 0.591796875 0.5341796875 0.591796875 0.53515625 0.591796875 0.5361328125 0.591796875 0.537109375 0.591796875 0.5380859375 0.591796875 0.5390625 0.591796875 0.5400390625 0.591796875 0.541015625 0.591796875 0.5419921875 0.591796875 0.54296875 0.591796875 0.5439453125 0.591796875 0.544921875 0.591796875 0.5458984375 0.591796875 0.546875 0.591796875 0.5478515625 0.591796875 0.5478515625 0.5908203125 0.5478515625 0.58984375 0.5478515625 0.5888671875 0.5478515625 0.587890625 0.5478515625 0.5869140625 0.5478515625 0.5859375 0.5478515625 0.5849609375 0.5478515625 0.583984375 0.5478515625 0.5830078125 0.5478515625 0.58203125 0.5478515625 0.5810546875 0.5478515625 0.580078125 0.5478515625 0.5791015625 0.5478515625 0.578125 0.5478515625 0.5771484375 0.5478515625 0.576171875 0.5478515625 0.5751953125 0.5478515625 0.57421875 0.5478515625 0.5732421875 0.5478515625 0.572265625 0.5478515625 0.5712890625 0.5478515625 0.5703125 0.5478515625 0.5693359375 0.5478515625 0.568359375 0.5478515625 0.5673828125 0.5478515625 0.56640625 0.5478515625 0.5654296875 0.5478515625 0.564453125 0.5478515625 0.5634765625 0.5478515625 0.5625 0.5478515625 0.5615234375 0.546875 0.560546875 0.5458984375 0.560546875 0.544921875 0.560546875 0.5439453125 0.560546875 0.54296875 0.560546875 0.5419921875 0.560546875 0.541015625 0.560546875 0.5400390625 0.560546875 0.5390625 0.560546875 0.5380859375 0.560546875 0.537109375 0.560546875 0.5361328125 0.560546875 0.53515625 0.560546875
0 0.5498046875 0.513671875 0.548828125 0.5146484375 0.5478515625 0.515625 0.5478515625 0.5166015625 0.5478515625 0.517578125 0.5478515625 0.5185546875 0.5478515625 0.51953125 0.5478515625 0.5205078125 0.5478515625 0.521484375 0.5478515625 0.5224609375 0.5478515625 0.5234375 0.5478515625 0.5244140625 0.5478515625 0.525390625 0.5478515625 0.5263671875 0.5478515625 0.52734375 0.5478515625 0.5283203125 0.548828125 0.529296875 0.5498046875 0.529296875 0.55078125 0.529296875 0.5517578125 0.529296875 0.552734375 0.529296875 0.5537109375 0.529296875 0.5546875 0.529296875 0.5556640625 0.529296875 0.556640625 0.529296875 0.5576171875 0.529296875 0.55859375 0.529296875 0.5595703125 0.529296875 0.560546875 0.529296875 0.5615234375 0.529296875 0.5625 0.529296875 0.5634765625 0.529296875 0.5634765625 0.5283203125 0.5634765625 0.52734375 0.5634765625 0.5263671875 0.5634765625 0.525390625 0.5634765625 0.5244140625 0.5634765625 0.5234375 0.5634765625 0.5224609375 0.5634765625 0.521484375 0.5634765625 0.5205078125 0.5634765625 0.51953125 0.5634765625 0.5185546875 0.5634765625 0.517578125 0.5634765625 0.5166015625 0.5634765625 0.515625 0.5634765625 0.5146484375 0.5625 0.513671875 0.5615234375 0.513671875 0.560546875 0.513671875 0.5595703125 0.513671875 0.55859375 0.513671875 0.5576171875 0.513671875 0.556640625 0.513671875 0.5556640625 0.513671875 0.5546875 0.513671875 0.5537109375 0.513671875 0.552734375 0.513671875 0.5517578125 0.513671875 0.55078125 0.513671875
0 0.8623046875 0.451171875 0.861328125 0.4521484375 0.8603515625 0.453125 0.8603515625 0.4541015625 0.8603515625 0.455078125 0.8603515625 0.4560546875 0.8603515625 0.45703125 0.8603515625 0.4580078125 0.8603515625 0.458984375 0.8603515625 0.4599609375 0.8603515625 0.4609375 0.8603515625 0.4619140625 0.8603515625 0.462890625 0.8603515625 0.4638671875 0.8603515625 0.46484375 0.8603515625 0.4658203125 0.861328125 0.466796875 0.8623046875 0.466796875 0.86328125 0.466796875 0.8642578125 0.466796875 0.865234375 0.466796875 0.8662109375 0.466796875 0.8671875 0.466796875 0.8681640625 0.466796875 0.869140625 0.466796875 0.8701171875 0.466796875 0.87109375 0.466796875 0.8720703125 0.466796875 0.873046875 0.466796875 0.8740234375 0.466796875 0.875 0.466796875 0.8759765625 0.466796875 0.8759765625 0.4658203125 0.8759765625 0.46484375 0.8759765625 0.4638671875 0.8759765625 0.462890625 0.8759765625 0.4619140625 0.8759765625 0.4609375 0.8759765625 0.4599609375 0.8759765625 0.458984375 0.8759765625 0.4580078125 0.8759765625 0.45703125 0.8759765625 0.4560546875 0.8759765625 0.455078125 0.8759765625 0.4541015625 0.8759765625 0.453125 0.8759765625 0.4521484375 0.875 0.451171875 0.8740234375 0.451171875 0.873046875 0.451171875 0.8720703125 0.451171875 0.87109375 0.451171875 0.8701171875 0.451171875 0.869140625 0.451171875 0.8681640625 0.451171875 0.8671875 0.451171875 0.8662109375 0.451171875 0.865234375 0.451171875 0.8642578125 0.451171875 0.86328125 0.451171875
0 0.2685546875 0.435546875 0.267578125 0.4365234375 0.2666015625 0.4375 0.2666015625 0.4384765625 0.2666015625 0.439453125 0.2666015625 0.4404296875 0.2666015625 0.44140625 0.2666015625 0.4423828125 0.2666015625 0.443359375 0.2666015625 0.4443359375 0.2666015625 0.4453125 0.2666015625 0.4462890625 0.2666015625 0.447265625 0.2666015625 0.4482421875 0.2666015625 0.44921875 0.2666015625 0.4501953125 0.267578125 0.451171875 0.2685546875 0.451171875 0.26953125 0.451171875 0.2705078125 0.451171875 0.271484375 0.451171875 0.2724609375 0.451171875 0.2734375 0.451171875 0.2744140625 0.451171875 0.275390625 0.451171875 0.2763671875 0.451171875 0.27734375 0.451171875 0.2783203125 0.451171875 0.279296875 0.451171875 0.2802734375 0.451171875 0.28125 0.451171875 0.2822265625 0.451171875 0.2822265625 0.4501953125 0.2822265625 0.44921875 0.2822265625 0.4482421875 0.2822265625 0.447265625 0.2822265625 0.4462890625 0.2822265625 0.4453125 0.2822265625 0.4443359375 0.2822265625 0.443359375 0.2822265625 0.4423828125 0.2822265625 0.44140625 0.2822265625 0.4404296875 0.2822265625 0.439453125 0.2822265625 0.4384765625 0.2822265625 0.4375 0.2822265625 0.4365234375 0.28125 0.435546875 0.2802734375 0.435546875 0.279296875 0.435546875 0.2783203125 0.435546875 0.27734375 0.435546875 0.2763671875 0.435546875 0.275390625 0.435546875 0.2744140625 0.435546875 0.2734375 0.435546875 0.2724609375 0.435546875 0.271484375 0.435546875 0.2705078125 0.435546875 0.26953125 0.435546875
0 0.1904296875 0.435546875 0.189453125 0.4365234375 0.1884765625 0.4375 0.1884765625 0.4384765625 0.1884765625 0.439453125 0.1884765625 0.4404296875 0.1884765625 0.44140625 0.1884765625 0.4423828125 0.1884765625 0.443359375 0.1884765625 0.4443359375 0.1884765625 0.4453125 0.1884765625 0.4462890625 0.1884765625 0.447265625 0.1884765625 0.4482421875 0.1884765625 0.44921875 0.1884765625 0.4501953125 0.189453125 0.451171875 0.1904296875 0.451171875 0.19140625 0.451171875 0.1923828125 0.451171875 0.193359375 0.451171875 0.1943359375 0.451171875 0.1953125 0.451171875 0.1962890625 0.451171875 0.197265625 0.451171875 0.1982421875 0.451171875 0.19921875 0.451171875 0.2001953125 0.451171875 0.201171875 0.451171875 0.2021484375 0.451171875 0.203125 0.451171875 0.2041015625 0.451171875 0.2041015625 0.4501953125 0.2041015625 0.44921875 0.2041015625 0.4482421875 0.2041015625 0.447265625 0.2041015625 0.4462890625 0.2041015625 0.4453125 0.2041015625 0.4443359375 0.2041015625 0.443359375 0.2041015625 0.4423828125 0.2041015625 0.44140625 0.2041015625 0.4404296875 0.2041015625 0.439453125 0.2041015625 0.4384765625 0.2041015625 0.4375 0.2041015625 0.4365234375 0.203125 0.435546875 0.2021484375 0.435546875 0.201171875 0.435546875 0.2001953125 0.435546875 0.19921875 0.435546875 0.1982421875 0.435546875 0.197265625 0.435546875 0.1962890625 0.435546875 0.1953125 0.435546875 0.1943359375 0.435546875 0.193359375 0.435546875 0.1923828125 0.435546875 0.19140625 0.435546875
0 0.0654296875 0.310546875 0.064453125 0.3115234375 0.0634765625 0.3125 0.0634765625 0.3134765625 0.0634765625 0.314453125 0.0634765625 0.3154296875 0.0634765625 0.31640625 0.0634765625 0.3173828125 0.0634765625 0.318359375 0.0634765625 0.3193359375 0.0634765625 0.3203125 0.0634765625 0.3212890625 0.0634765625 0.322265625 0.0634765625 0.3232421875 0.0634765625 0.32421875 0.0634765625 0.3251953125 0.064453125 0.326171875 0.0654296875 0.326171875 0.06640625 0.326171875 0.0673828125 0.326171875 0.068359375 0.326171875 0.0693359375 0.326171875 0.0703125 0.326171875 0.0712890625 0.326171875 0.072265625 0.326171875 0.0732421875 0.326171875 0.07421875 0.326171875 0.0751953125 0.326171875 0.076171875 0.326171875 0.0771484375 0.326171875 0.078125 0.326171875 0.0791015625 0.326171875 0.0791015625 0.3251953125 0.0791015625 0.32421875 0.0791015625 0.3232421875 0.0791015625 0.322265625 0.0791015625 0.3212890625 0.0791015625 0.3203125 0.0791015625 0.3193359375 0.0791015625 0.318359375 0.0791015625 0.3173828125 0.0791015625 0.31640625 0.0791015625 0.3154296875 0.0791015625 0.314453125 0.0791015625 0.3134765625 0.0791015625 0.3125 0.0791015625 0.3115234375 0.078125 0.310546875 0.0771484375 0.310546875 0.076171875 0.310546875 0.0751953125 0.310546875 0.07421875 0.310546875 0.0732421875 0.310546875 0.072265625 0.310546875 0.0712890625 0.310546875 0.0703125 0.310546875 0.0693359375 0.310546875 0.068359375 0.310546875 0.0673828125 0.310546875 0.06640625 0.310546875
0 0.2060546875 0.294921875 0.205078125 0.2958984375 0.2041015625 0.296875 0.2041015625 0.2978515625 0.2041015625 0.298828125 0.2041015625 0.2998046875 0.2041015625 0.30078125 0.2041015625 0.3017578125 0.2041015625 0.302734375 0.2041015625 0.3037109375 0.2041015625 0.3046875 0.2041015625 0.3056640625 0.2041015625 0.306640625 0.2041015625 0.3076171875 0.2041015625 0.30859375 0.2041015625 0.3095703125 0.203125 0.310546875 0.2021484375 0.310546875 0.201171875 0.310546875 0.2001953125 0.310546875 0.19921875 0.310546875 0.1982421875 0.310546875 0.197265625 0.310546875 0.1962890625 0.310546875 0.1953125 0.310546875 0.1943359375 0.310546875 0.193359375 0.310546875 0.1923828125 0.310546875 0.19140625 0.310546875 0.1904296875 0.310546875 0.189453125 0.3115234375 0.1884765625 0.3125 0.1884765625 0.3134765625 0.1884765625 0.314453125 0.1884765625 0.3154296875 0.1884765625 0.31640625 0.1884765625 0.3173828125 0.1884765625 0.318359375 0.1884765625 0.3193359375 0.1884765625 0.3203125 0.1884765625 0.3212890625 0.1884765625 0.322265625 0.1884765625 0.3232421875 0.1884765625 0.32421875 0.1884765625 0.3251953125 0.189453125 0.326171875 0.1904296875 0.326171875 0.19140625 0.326171875 0.1923828125 0.326171875 0.193359375 0.326171875 0.1943359375 0.326171875 0.1953125 0.326171875 0.1962890625 0.326171875 0.197265625 0.326171875 0.1982421875 0.326171875 0.19921875 0.326171875 0.2001953125 0.326171875 0.201171875 0.326171875 0.2021484375 0.326171875 0.203125 0.326171875 0.2041015625 0.326171875 0.2041015625 0.3251953125 0.2041015625 0.32421875 0.2041015625 0.3232421875 0.2041015625 0.322265625 0.2041015625 0.3212890625 0.2041015625 0.3203125 0.2041015625 0.3193359375 0.2041015625 0.318359375 0.2041015625 0.3173828125 0.2041015625 0.31640625 0.2041015625 0.3154296875 0.2041015625 0.314453125 0.2041015625 0.3134765625 0.2041015625 0.3125 0.2041015625 0.3134765625 0.2041015625 0.314453125 0.2041015625 0.3154296875 0.2041015625 0.31640625 0.2041015625 0.3173828125 0.2041015625 0.318359375 0.2041015625 0.3193359375 0.2041015625 0.3203125 0.2041015625 0.3212890625 0.2041015625 0.322265625 0.2041015625 0.3232421875 0.2041015625 0.32421875 0.2041015625 0.3251953125 0.203125 0.326171875 0.2021484375 0.326171875 0.201171875 0.326171875 0.2001953125 0.326171875 0.19921875 0.326171875 0.1982421875 0.326171875 0.197265625 0.326171875 0.1962890625 0.326171875 0.1953125 0.326171875 0.1943359375 0.326171875 0.193359375 0.326171875 0.1923828125 0.326171875 0.19140625 0.326171875 0.1904296875 0.326171875 0.189453125 0.326171875 0.1884765625 0.3251953125 0.1884765625 0.32421875 0.1884765625 0.3232421875 0.1884765625 0.322265625 0.1884765625 0.3212890625 0.1884765625 0.3203125 0.1884765625 0.3193359375 0.1884765625 0.318359375 0.1884765625 0.3173828125 0.1884765625 0.31640625 0.1884765625 0.3154296875 0.1884765625 0.314453125 0.1884765625 0.3134765625 0.1884765625 0.3125 0.189453125 0.3115234375 0.1904296875 0.310546875 0.19140625 0.310546875 0.1923828125 0.310546875 0.193359375 0.310546875 0.1943359375 0.310546875 0.1953125 0.310546875 0.1962890625 0.310546875 0.197265625 0.310546875 0.1982421875 0.310546875 0.19921875 0.310546875 0.2001953125 0.310546875 0.201171875 0.310546875 0.2021484375 0.310546875 0.203125 0.310546875 0.2041015625 0.3095703125 0.2041015625 0.30859375 0.2041015625 0.3076171875 0.2041015625 0.306640625 0.2041015625 0.3056640625 0.2041015625 0.3046875 0.2041015625 0.3037109375 0.2041015625 0.302734375 0.2041015625 0.3017578125 0.2041015625 0.30078125 0.2041015625 0.2998046875 0.2041015625 0.298828125 0.2041015625 0.2978515625 0.2041015625 0.296875 0.205078125 0.2958984375 0.2060546875 0.294921875 0.20703125 0.294921875 0.2080078125 0.294921875 0.208984375 0.294921875 0.2099609375 0.294921875 0.2109375 0.294921875 0.2119140625 0.294921875 0.212890625 0.294921875 0.2138671875 0.294921875 0.21484375 0.294921875 0.2158203125 0.294921875 0.216796875 0.294921875 0.2177734375 0.294921875 0.21875 0.294921875 0.2197265625 0.2958984375 0.2197265625 0.296875 0.2197265625 0.2978515625 0.2197265625 0.298828125 0.2197265625 0.2998046875 0.2197265625 0.30078125 0.2197265625 0.3017578125 0.2197265625 0.302734375 0.2197265625 0.3037109375 0.2197265625 0.3046875 0.2197265625 0.3056640625 0.2197265625 0.306640625 0.2197265625 0.3076171875 0.2197265625 0.30859375 0.2197265625 0.3095703125 0.21875 0.310546875 0.2177734375 0.310546875 0.216796875 0.310546875 0.2158203125 0.310546875 0.21484375 0.310546875 0.2138671875 0.310546875 0.212890625 0.310546875 0.2119140625 0.310546875 0.2109375 0.310546875 0.2099609375 0.310546875 0.208984375 0.310546875 0.2080078125 0.310546875 0.20703125 0.310546875 0.2060546875 0.310546875 0.20703125 0.310546875 0.2080078125 0.310546875 0.208984375 0.310546875 0.2099609375 0.310546875 0.2109375 0.310546875 0.2119140625 0.310546875 0.212890625 0.310546875 0.2138671875 0.310546875 0.21484375 0.310546875 0.2158203125 0.310546875 0.216796875 0.310546875 0.2177734375 0.310546875 0.21875 0.310546875 0.2197265625 0.310546875 0.2197265625 0.3095703125 0.2197265625 0.30859375 0.2197265625 0.3076171875 0.2197265625 0.306640625 0.2197265625 0.3056640625 0.2197265625 0.3046875 0.2197265625 0.3037109375 0.2197265625 0.302734375 0.2197265625 0.3017578125 0.2197265625 0.30078125 0.2197265625 0.2998046875 0.2197265625 0.298828125 0.2197265625 0.2978515625 0.2197265625 0.296875 0.2197265625 0.2958984375 0.21875 0.294921875 0.2177734375 0.294921875 0.216796875 0.294921875 0.2158203125 0.294921875 0.21484375 0.294921875 0.2138671875 0.294921875 0.212890625 0.294921875 0.2119140625 0.294921875 0.2109375 0.294921875 0.2099609375 0.294921875 0.208984375 0.294921875 0.2080078125 0.294921875 0.20703125 0.294921875
0 0.4873046875 0.201171875 0.486328125 0.2021484375 0.4853515625 0.203125 0.4853515625 0.2041015625 0.4853515625 0.205078125 0.4853515625 0.2060546875 0.4853515625 0.20703125 0.4853515625 0.2080078125 0.4853515625 0.208984375 0.4853515625 0.2099609375 0.4853515625 0.2109375 0.4853515625 0.2119140625 0.4853515625 0.212890625 0.4853515625 0.2138671875 0.4853515625 0.21484375 0.4853515625 0.2158203125 0.486328125 0.216796875 0.4873046875 0.216796875 0.48828125 0.216796875 0.4892578125 0.216796875 0.490234375 0.216796875 0.4912109375 0.216796875 0.4921875 0.216796875 0.4931640625 0.216796875 0.494140625 0.216796875 0.4951171875 0.216796875 0.49609375 0.216796875 0.4970703125 0.216796875 0.498046875 0.216796875 0.4990234375 0.216796875 0.5 0.216796875 0.5009765625 0.216796875 0.5009765625 0.2158203125 0.5009765625 0.21484375 0.5009765625 0.2138671875 0.5009765625 0.212890625 0.5009765625 0.2119140625 0.5009765625 0.2109375 0.5009765625 0.2099609375 0.5009765625 0.208984375 0.5009765625 0.2080078125 0.5009765625 0.20703125 0.5009765625 0.2060546875 0.5009765625 0.205078125 0.5009765625 0.2041015625 0.5009765625 0.203125 0.5009765625 0.2021484375 0.5 0.201171875 0.4990234375 0.201171875 0.498046875 0.201171875 0.4970703125 0.201171875 0.49609375 0.201171875 0.4951171875 0.201171875 0.494140625 0.201171875 0.4931640625 0.201171875 0.4921875 0.201171875 0.4912109375 0.201171875 0.490234375 0.201171875 0.4892578125 0.201171875 0.48828125 0.201171875
0 0.6279296875 0.138671875 0.626953125 0.1396484375 0.6259765625 0.140625 0.6259765625 0.1416015625 0.6259765625 0.142578125 0.6259765625 0.1435546875 0.6259765625 0.14453125 0.6259765625 0.1455078125 0.6259765625 0.146484375 0.6259765625 0.1474609375 0.6259765625 0.1484375 0.6259765625 0.1494140625 0.6259765625 0.150390625 0.6259765625 0.1513671875 0.6259765625 0.15234375 0.6259765625 0.1533203125 0.626953125 0.154296875 0.6279296875 0.154296875 0.62890625 0.154296875 0.6298828125 0.154296875 0.630859375 0.154296875 0.6318359375 0.154296875 0.6328125 0.154296875 0.6337890625 0.154296875 0.634765625 0.154296875 0.6357421875 0.154296875 0.63671875 0.154296875 0.6376953125 0.154296875 0.638671875 0.154296875 0.6396484375 0.154296875 0.640625 0.154296875 0.6416015625 0.154296875 0.6416015625 0.1533203125 0.6416015625 0.15234375 0.6416015625 0.1513671875 0.6416015625 0.150390625 0.6416015625 0.1494140625 0.6416015625 0.1484375 0.6416015625 0.1474609375 0.6416015625 0.146484375 0.6416015625 0.1455078125 0.6416015625 0.14453125 0.6416015625 0.1435546875 0.6416015625 0.142578125 0.6416015625 0.1416015625 0.6416015625 0.140625 0.6416015625 0.1396484375 0.640625 0.138671875 0.6396484375 0.138671875 0.638671875 0.138671875 0.6376953125 0.138671875 0.63671875 0.138671875 0.6357421875 0.138671875 0.634765625 0.138671875 0.6337890625 0.138671875 0.6328125 0.138671875 0.6318359375 0.138671875 0.630859375 0.138671875 0.6298828125 0.138671875 0.62890625 0.138671875
0 0.1904296875 0.107421875 0.189453125 0.1083984375 0.1884765625 0.109375 0.1884765625 0.1103515625 0.1884765625 0.111328125 0.1884765625 0.1123046875 0.1884765625 0.11328125 0.1884765625 0.1142578125 0.1884765625 0.115234375 0.1884765625 0.1162109375 0.1884765625 0.1171875 0.1884765625 0.1181640625 0.1884765625 0.119140625 0.1884765625 0.1201171875 0.1884765625 0.12109375 0.1884765625 0.1220703125 0.189453125 0.123046875 0.1904296875 0.123046875 0.19140625 0.123046875 0.1923828125 0.123046875 0.193359375 0.123046875 0.1943359375 0.123046875 0.1953125 0.123046875 0.1962890625 0.123046875 0.197265625 0.123046875 0.1982421875 0.123046875 0.19921875 0.123046875 0.2001953125 0.123046875 0.201171875 0.123046875 0.2021484375 0.123046875 0.203125 0.123046875 0.2041015625 0.123046875 0.2041015625 0.1220703125 0.2041015625 0.12109375 0.2041015625 0.1201171875 0.2041015625 0.119140625 0.2041015625 0.1181640625 0.2041015625 0.1171875 0.2041015625 0.1162109375 0.2041015625 0.115234375 0.2041015625 0.1142578125 0.2041015625 0.11328125 0.2041015625 0.1123046875 0.2041015625 0.111328125 0.2041015625 0.1103515625 0.2041015625 0.109375 0.2041015625 0.1083984375 0.203125 0.107421875 0.2021484375 0.107421875 0.201171875 0.107421875 0.2001953125 0.107421875 0.19921875 0.107421875 0.1982421875 0.107421875 0.197265625 0.107421875 0.1962890625 0.107421875 0.1953125 0.107421875 0.1943359375 0.107421875 0.193359375 0.107421875 0.1923828125 0.107421875 0.19140625 0.107421875
0 0.7216796875 0.076171875 0.720703125 0.0771484375 0.7197265625 0.078125 0.7197265625 0.0791015625 0.7197265625 0.080078125 0.7197265625 0.0810546875 0.7197265625 0.08203125 0.7197265625 0.0830078125 0.7197265625 0.083984375 0.7197265625 0.0849609375 0.7197265625 0.0859375 0.7197265625 0.0869140625 0.7197265625 0.087890625 0.7197265625 0.0888671875 0.7197265625 0.08984375 0.7197265625 0.0908203125 0.720703125 0.091796875 0.7216796875 0.091796875 0.72265625 0.091796875 0.7236328125 0.091796875 0.724609375 0.091796875 0.7255859375 0.091796875 0.7265625 0.091796875 0.7275390625 0.091796875 0.728515625 0.091796875 0.7294921875 0.091796875 0.73046875 0.091796875 0.7314453125 0.091796875 0.732421875 0.091796875 0.7333984375 0.091796875 0.734375 0.091796875 0.7353515625 0.091796875 0.7353515625 0.0908203125 0.7353515625 0.08984375 0.7353515625 0.0888671875 0.7353515625 0.087890625 0.7353515625 0.0869140625 0.7353515625 0.0859375 0.7353515625 0.0849609375 0.7353515625 0.083984375 0.7353515625 0.0830078125 0.7353515625 0.08203125 0.7353515625 0.0810546875 0.7353515625 0.080078125 0.7353515625 0.0791015625 0.7353515625 0.078125 0.7353515625 0.0771484375 0.734375 0.076171875 0.7333984375 0.076171875 0.732421875 0.076171875 0.7314453125 0.076171875 0.73046875 0.076171875 0.7294921875 0.076171875 0.728515625 0.076171875 0.7275390625 0.076171875 0.7265625 0.076171875 0.7255859375 0.076171875 0.724609375 0.076171875 0.7236328125 0.076171875 0.72265625 0.076171875
0 0.8466796875 0.044921875 0.845703125 0.0458984375 0.8447265625 0.046875 0.8447265625 0.0478515625 0.8447265625 0.048828125 0.8447265625 0.0498046875 0.8447265625 0.05078125 0.8447265625 0.0517578125 0.8447265625 0.052734375 0.8447265625 0.0537109375 0.8447265625 0.0546875 0.8447265625 0.0556640625 0.8447265625 0.056640625 0.8447265625 0.0576171875 0.8447265625 0.05859375 0.8447265625 0.0595703125 0.845703125 0.060546875 0.8466796875 0.060546875 0.84765625 0.060546875 0.8486328125 0.060546875 0.849609375 0.060546875 0.8505859375 0.060546875 0.8515625 0.060546875 0.8525390625 0.060546875 0.853515625 0.060546875 0.8544921875 0.060546875 0.85546875 0.060546875 0.8564453125 0.060546875 0.857421875 0.060546875 0.8583984375 0.060546875 0.859375 0.060546875 0.8603515625 0.060546875 0.8603515625 0.0595703125 0.8603515625 0.05859375 0.8603515625 0.0576171875 0.8603515625 0.056640625 0.8603515625 0.0556640625 0.8603515625 0.0546875 0.8603515625 0.0537109375 0.8603515625 0.052734375 0.8603515625 0.0517578125 0.8603515625 0.05078125 0.8603515625 0.0498046875 0.8603515625 0.048828125 0.8603515625 0.0478515625 0.8603515625 0.046875 0.8603515625 0.0458984375 0.859375 0.044921875 0.8583984375 0.044921875 0.857421875 0.044921875 0.8564453125 0.044921875 0.85546875 0.044921875 0.8544921875 0.044921875 0.853515625 0.044921875 0.8525390625 0.044921875 0.8515625 0.044921875 0.8505859375 0.044921875 0.849609375 0.044921875 0.8486328125 0.044921875 0.84765625 0.044921875
0 0.7060546875 0.044921875 0.705078125 0.0458984375 0.7041015625 0.046875 0.7041015625 0.0478515625 0.7041015625 0.048828125 0.7041015625 0.0498046875 0.7041015625 0.05078125 0.7041015625 0.0517578125 0.7041015625 0.052734375 0.7041015625 0.0537109375 0.7041015625 0.0546875 0.7041015625 0.0556640625 0.7041015625 0.056640625 0.7041015625 0.0576171875 0.7041015625 0.05859375 0.7041015625 0.0595703125 0.705078125 0.060546875 0.7060546875 0.060546875 0.70703125 0.060546875 0.7080078125 0.060546875 0.708984375 0.060546875 0.7099609375 0.060546875 0.7109375 0.060546875 0.7119140625 0.060546875 0.712890625 0.060546875 0.7138671875 0.060546875 0.71484375 0.060546875 0.7158203125 0.060546875 0.716796875 0.060546875 0.7177734375 0.060546875 0.71875 0.060546875 0.7197265625 0.060546875 0.7197265625 0.0595703125 0.7197265625 0.05859375 0.7197265625 0.0576171875 0.7197265625 0.056640625 0.7197265625 0.0556640625 0.7197265625 0.0546875 0.7197265625 0.0537109375 0.7197265625 0.052734375 0.7197265625 0.0517578125 0.7197265625 0.05078125 0.7197265625 0.0498046875 0.7197265625 0.048828125 0.7197265625 0.0478515625 0.7197265625 0.046875 0.7197265625 0.0458984375 0.71875 0.044921875 0.7177734375 0.044921875 0.716796875 0.044921875 0.7158203125 0.044921875 0.71484375 0.044921875 0.7138671875 0.044921875 0.712890625 0.044921875 0.7119140625 0.044921875 0.7109375 0.044921875 0.7099609375 0.044921875 0.708984375 0.044921875 0.7080078125 0.044921875 0.70703125 0.044921875
0 0.7373046875 0.029296875 0.736328125 0.0302734375 0.7353515625 0.03125 0.7353515625 0.0322265625 0.7353515625 0.033203125 0.7353515625 0.0341796875 0.7353515625 0.03515625 0.7353515625 0.0361328125 0.7353515625 0.037109375 0.7353515625 0.0380859375 0.7353515625 0.0390625 0.7353515625 0.0400390625 0.7353515625 0.041015625 0.7353515625 0.0419921875 0.7353515625 0.04296875 0.7353515625 0.0439453125 0.736328125 0.044921875 0.7373046875 0.044921875 0.73828125 0.044921875 0.7392578125 0.044921875 0.740234375 0.044921875 0.7412109375 0.044921875 0.7421875 0.044921875 0.7431640625 0.044921875 0.744140625 0.044921875 0.7451171875 0.044921875 0.74609375 0.044921875 0.7470703125 0.044921875 0.748046875 0.044921875 0.7490234375 0.044921875 0.75 0.044921875 0.7509765625 0.044921875 0.7509765625 0.0439453125 0.7509765625 0.04296875 0.7509765625 0.0419921875 0.7509765625 0.041015625 0.7509765625 0.0400390625 0.7509765625 0.0390625 0.7509765625 0.0380859375 0.7509765625 0.037109375 0.7509765625 0.0361328125 0.7509765625 0.03515625 0.7509765625 0.0341796875 0.7509765625 0.033203125 0.7509765625 0.0322265625 0.7509765625 0.03125 0.7509765625 0.0302734375 0.75 0.029296875 0.7490234375 0.029296875 0.748046875 0.029296875 0.7470703125 0.029296875 0.74609375 0.029296875 0.7451171875 0.029296875 0.744140625 0.029296875 0.7431640625 0.029296875 0.7421875 0.029296875 0.7412109375 0.029296875 0.740234375 0.029296875 0.7392578125 0.029296875 0.73828125 0.029296875
0 0.5029296875 0.029296875 0.501953125 0.0302734375 0.5009765625 0.03125 0.5009765625 0.0322265625 0.5009765625 0.033203125 0.5009765625 0.0341796875 0.5009765625 0.03515625 0.5009765625 0.0361328125 0.5009765625 0.037109375 0.5009765625 0.0380859375 0.5009765625 0.0390625 0.5009765625 0.0400390625 0.5009765625 0.041015625 0.5009765625 0.0419921875 0.5009765625 0.04296875 0.5009765625 0.0439453125 0.501953125 0.044921875 0.5029296875 0.044921875 0.50390625 0.044921875 0.5048828125 0.044921875 0.505859375 0.044921875 0.5068359375 0.044921875 0.5078125 0.044921875 0.5087890625 0.044921875 0.509765625 0.044921875 0.5107421875 0.044921875 0.51171875 0.044921875 0.5126953125 0.044921875 0.513671875 0.044921875 0.5146484375 0.044921875 0.515625 0.044921875 0.5166015625 0.044921875 0.5166015625 0.0439453125 0.5166015625 0.04296875 0.5166015625 0.0419921875 0.5166015625 0.041015625 0.5166015625 0.0400390625 0.5166015625 0.0390625 0.5166015625 0.0380859375 0.5166015625 0.037109375 0.5166015625 0.0361328125 0.5166015625 0.03515625 0.5166015625 0.0341796875 0.5166015625 0.033203125 0.5166015625 0.0322265625 0.5166015625 0.03125 0.5166015625 0.0302734375 0.515625 0.029296875 0.5146484375 0.029296875 0.513671875 0.029296875 0.5126953125 0.029296875 0.51171875 0.029296875 0.5107421875 0.029296875 0.509765625 0.029296875 0.5087890625 0.029296875 0.5078125 0.029296875 0.5068359375 0.029296875 0.505859375 0.029296875 0.5048828125 0.029296875 0.50390625 0.029296875
