0 0.267578125 0.3583984375 0.2666015625 0.359375 0.265625 0.3603515625 0.265625 0.361328125 0.265625 0.3623046875 0.265625 0.36328125 0.265625 0.3642578125 0.265625 0.365234375 0.265625 0.3662109375 0.265625 0.3671875 0.265625 0.3681640625 0.265625 0.369140625 0.265625 0.3701171875 0.265625 0.37109375 0.265625 0.3720703125 0.265625 0.373046875 0.2666015625 0.3740234375 0.267578125 0.3740234375 0.2685546875 0.3740234375 0.26953125 0.3740234375 0.2705078125 0.3740234375 0.271484375 0.3740234375 0.2724609375 0.3740234375 0.2734375 0.3740234375 0.2744140625 0.3740234375 0.275390625 0.3740234375 0.2763671875 0.3740234375 0.27734375 0.3740234375 0.2783203125 0.3740234375 0.279296875 0.3740234375 0.2802734375 0.3740234375 0.28125 0.3740234375 0.28125 0.373046875 0.28125 0.3720703125 0.28125 0.37109375 0.28125 0.3701171875 0.28125 0.369140625 0.28125 0.3681640625 0.28125 0.3671875 0.28125 0.3662109375 0.28125 0.365234375 0.28125 0.3642578125 0.28125 0.36328125 0.28125 0.3623046875 0.28125 0.361328125 0.28125 0.3603515625 0.28125 0.359375 0.2802734375 0.3583984375 0.279296875 0.3583984375 0.2783203125 0.3583984375 0.27734375 0.3583984375 0.2763671875 0.3583984375 0.275390625 0.3583984375 0.2744140625 0.3583984375 0.2734375 0.3583984375 0.2724609375 0.3583984375 0.271484375 0.3583984375 0.2705078125 0.3583984375 0.26953125 0.3583984375 0.2685546875 0.3583984375
0 0.283203125 0.2333984375 0.2822265625 0.234375 0.28125 0.2353515625 0.28125 0.236328125 0.28125 0.2373046875 0.28125 0.23828125 0.28125 0.2392578125 0.28125 0.240234375 0.28125 0.2412109375 0.28125 0.2421875 0.28125 0.2431640625 0.28125 0.244140625 0.28125 0.2451171875 0.28125 0.24609375 0.28125 0.2470703125 0.28125 0.248046875 0.2822265625 0.2490234375 0.283203125 0.2490234375 0.2841796875 0.2490234375 0.28515625 0.2490234375 0.2861328125 0.2490234375 0.287109375 0.2490234375 0.2880859375 0.2490234375 0.2890625 0.2490234375 0.2900390625 0.2490234375 0.291015625 0.2490234375 0.2919921875 0.2490234375 0.29296875 0.2490234375 0.2939453125 0.2490234375 0.294921875 0.2490234375 0.2958984375 0.2490234375 0.296875 0.2490234375 0.2978515625 0.2490234375 0.298828125 0.2490234375 0.2998046875 0.2490234375 0.30078125 0.2490234375 0.3017578125 0.2490234375 0.302734375 0.2490234375 0.3037109375 0.2490234375 0.3046875 0.2490234375 0.3056640625 0.2490234375 0.306640625 0.2490234375 0.3076171875 0.2490234375 0.30859375 0.2490234375 0.3095703125 0.2490234375 0.310546875 0.2490234375 0.3115234375 0.2490234375 0.3125 0.2490234375 0.3125 0.248046875 0.3125 0.2470703125 0.3125 0.24609375 0.3125 0.2451171875 0.3125 0.244140625 0.3125 0.2431640625 0.3125 0.2421875 0.3125 0.2412109375 0.3125 0.240234375 0.3125 0.2392578125 0.3125 0.23828125 0.3125 0.2373046875 0.3125 0.236328125 0.3125 0.2353515625 0.3125 0.234375 0.3115234375 0.2333984375 0.310546875 0.2333984375 0.3095703125 0.2333984375 0.30859375 0.2333984375 0.3076171875 0.2333984375 0.306640625 0.2333984375 0.3056640625 0.2333984375 0.3046875 0.2333984375 0.3037109375 0.2333984375 0.302734375 0.2333984375 0.3017578125 0.2333984375 0.30078125 0.2333984375 0.2998046875 0.2333984375 0.298828125 0.2333984375 0.2978515625 0.2333984375 0.296875 0.2333984375 0.2958984375 0.2333984375 0.294921875 0.2333984375 0.2939453125 0.2333984375 0.29296875 0.2333984375 0.2919921875 0.2333984375 0.291015625 0.2333984375 0.2900390625 0.2333984375 0.2890625 0.2333984375 0.2880859375 0.2333984375 0.287109375 0.2333984375 0.2861328125 0.2333984375 0.28515625 0.2333984375 0.2841796875 0.2333984375
0 0.283203125 0.1865234375 0.2822265625 0.1875 0.28125 0.1884765625 0.28125 0.189453125 0.28125 0.1904296875 0.28125 0.19140625 0.28125 0.1923828125 0.28125 0.193359375 0.28125 0.1943359375 0.28125 0.1953125 0.28125 0.1962890625 0.28125 0.197265625 0.28125 0.1982421875 0.28125 0.19921875 0.28125 0.2001953125 0.28125 0.201171875 0.2822265625 0.2021484375 0.283203125 0.2021484375 0.2841796875 0.2021484375 0.28515625 0.2021484375 0.2861328125 0.2021484375 0.287109375 0.2021484375 0.2880859375 0.2021484375 0.2890625 0.2021484375 0.2900390625 0.2021484375 0.291015625 0.2021484375 0.2919921875 0.2021484375 0.29296875 0.2021484375 0.2939453125 0.2021484375 0.294921875 0.2021484375 0.2958984375 0.2021484375 0.296875 0.2021484375 0.2978515625 0.2021484375 0.298828125 0.2021484375 0.2998046875 0.2021484375 0.30078125 0.2021484375 0.3017578125 0.2021484375 0.302734375 0.2021484375 0.3037109375 0.2021484375 0.3046875 0.2021484375 0.3056640625 0.2021484375 0.306640625 0.2021484375 0.3076171875 0.2021484375 0.30859375 0.2021484375 0.3095703125 0.2021484375 0.310546875 0.2021484375 0.3115234375 0.2021484375 0.3125 0.2021484375 0.3125 0.201171875 0.3125 0.2001953125 0.3125 0.19921875 0.3125 0.1982421875 0.3125 0.197265625 0.3125 0.1962890625 0.3125 0.1953125 0.3125 0.1943359375 0.3125 0.193359375 0.3125 0.1923828125 0.3125 0.19140625 0.3125 0.1904296875 0.3125 0.189453125 0.3125 0.1884765625 0.3125 0.1875 0.3115234375 0.1865234375 0.310546875 0.1865234375 0.3095703125 0.1865234375 0.30859375 0.1865234375 0.3076171875 0.1865234375 0.306640625 0.1865234375 0.3056640625 0.1865234375 0.3046875 0.1865234375 0.3037109375 0.1865234375 0.302734375 0.1865234375 0.3017578125 0.1865234375 0.30078125 0.1865234375 0.2998046875 0.1865234375 0.298828125 0.1865234375 0.2978515625 0.1865234375 0.296875 0.1865234375 0.2958984375 0.1865234375 0.294921875 0.1865234375 0.2939453125 0.1865234375 0.29296875 0.1865234375 0.2919921875 0.1865234375 0.291015625 0.1865234375 0.2900390625 0.1865234375 0.2890625 0.1865234375 0.2880859375 0.1865234375 0.287109375 0.1865234375 0.2861328125 0.1865234375 0.28515625 0.1865234375 0.2841796875 0.1865234375
0 0.0 0.1708984375 0.0009765625 0.1708984375 0.001953125 0.1708984375 0.0029296875 0.1708984375 0.00390625 0.1708984375 0.0048828125 0.1708984375 0.005859375 0.1708984375 0.0068359375 0.1708984375 0.0078125 0.1708984375 0.0087890625 0.1708984375 0.009765625 0.1708984375 0.0107421875 0.1708984375 0.01171875 0.1708984375 0.0126953125 0.1708984375 0.013671875 0.1708984375 0.0146484375 0.1708984375 0.015625 0.171875 0.015625 0.1728515625 0.015625 0.173828125 0.015625 0.1748046875 0.015625 0.17578125 0.015625 0.1767578125 0.015625 0.177734375 0.015625 0.1787109375 0.015625 0.1796875 0.015625 0.1806640625 0.015625 0.181640625 0.015625 0.1826171875 0.015625 0.18359375 0.015625 0.1845703125 0.015625 0.185546875 0.0146484375 0.1865234375 0.013671875 0.1865234375 0.0126953125 0.1865234375 0.01171875 0.1865234375 0.0107421875 0.1865234375 0.009765625 0.1865234375 0.0087890625 0.1865234375 0.0078125 0.1865234375 0.0068359375 0.1865234375 0.005859375 0.1865234375 0.0048828125 0.1865234375 0.00390625 0.1865234375 0.0029296875 0.1865234375 0.001953125 0.1865234375 0.0009765625 0.1865234375 0.0 0.1865234375 0.0009765625 0.1865234375 0.001953125 0.1865234375 0.0029296875 0.1865234375 0.00390625 0.1865234375 0.0048828125 0.1865234375 0.005859375 0.1865234375 0.0068359375 0.1865234375 0.0078125 0.1865234375 0.0087890625 0.1865234375 0.009765625 0.1865234375 0.0107421875 0.1865234375 0.01171875 0.1865234375 0.0126953125 0.1865234375 0.013671875 0.1865234375 0.0146484375 0.1865234375 0.015625 0.1865234375 0.015625 0.185546875 0.015625 0.1845703125 0.015625 0.18359375 0.015625 0.1826171875 0.015625 0.181640625 0.015625 0.1806640625 0.015625 0.1796875 0.015625 0.1787109375 0.015625 0.177734375 0.015625 0.1767578125 0.015625 0.17578125 0.015625 0.1748046875 0.015625 0.173828125 0.015625 0.1728515625 0.015625 0.171875 0.0146484375 0.1708984375 0.013671875 0.1708984375 0.0126953125 0.1708984375 0.01171875 0.1708984375 0.0107421875 0.1708984375 0.009765625 0.1708984375 0.0087890625 0.1708984375 0.0078125 0.1708984375 0.0068359375 0.1708984375 0.005859375 0.1708984375 0.0048828125 0.1708984375 0.00390625 0.1708984375 0.0029296875 0.1708984375 0.001953125 0.1708984375 0.0009765625 0.1708984375
0 0.298828125 0.1552734375 0.2978515625 0.15625 0.296875 0.1572265625 0.296875 0.158203125 0.296875 0.1591796875 0.296875 0.16015625 0.296875 0.1611328125 0.296875 0.162109375 0.296875 0.1630859375 0.296875 0.1640625 0.296875 0.1650390625 0.296875 0.166015625 0.296875 0.1669921875 0.296875 0.16796875 0.296875 0.1689453125 0.296875 0.169921875 0.2978515625 0.1708984375 0.298828125 0.1708984375 0.2998046875 0.1708984375 0.30078125 0.1708984375 0.3017578125 0.1708984375 0.302734375 0.1708984375 0.3037109375 0.1708984375 0.3046875 0.1708984375 0.3056640625 0.1708984375 0.306640625 0.1708984375 0.3076171875 0.1708984375 0.30859375 0.1708984375 0.3095703125 0.1708984375 0.310546875 0.1708984375 0.3115234375 0.1708984375 0.3125 0.1708984375 0.3125 0.169921875 0.3125 0.1689453125 0.3125 0.16796875 0.3125 0.1669921875 0.3125 0.166015625 0.3125 0.1650390625 0.3125 0.1640625 0.3125 0.1630859375 0.3125 0.162109375 0.3125 0.1611328125 0.3125 0.16015625 0.3125 0.1591796875 0.3125 0.158203125 0.3125 0.1572265625 0.3125 0.15625 0.3115234375 0.1552734375 0.310546875 0.1552734375 0.3095703125 0.1552734375 0.30859375 0.1552734375 0.3076171875 0.1552734375 0.306640625 0.1552734375 0.3056640625 0.1552734375 0.3046875 0.1552734375 0.3037109375 0.1552734375 0.302734375 0.1552734375 0.3017578125 0.1552734375 0.30078125 0.1552734375 0.2998046875 0.1552734375
0 0.0 0.125 0.0 0.1259765625 0.0 0.126953125 0.0 0.1279296875 0.0 0.12890625 0.0 0.1298828125 0.0 0.130859375 0.0 0.1318359375 0.0 0.1328125 0.0 0.1337890625 0.0 0.134765625 0.0 0.1357421875 0.0 0.13671875 0.0 0.1376953125 0.0 0.138671875 0.0 0.1396484375 0.0 0.138671875 0.0 0.1376953125 0.0 0.13671875 0.0 0.1357421875 0.0 0.134765625 0.0 0.1337890625 0.0 0.1328125 0.0 0.1318359375 0.0 0.130859375 0.0 0.1298828125 0.0 0.12890625 0.0 0.1279296875 0.0 0.126953125 0.0 0.1259765625
0 0.517578125 0.0302734375 0.5166015625 0.03125 0.515625 0.0322265625 0.515625 0.033203125 0.515625 0.0341796875 0.515625 0.03515625 0.515625 0.0361328125 0.515625 0.037109375 0.515625 0.0380859375 0.515625 0.0390625 0.515625 0.0400390625 0.515625 0.041015625 0.515625 0.0419921875 0.515625 0.04296875 0.515625 0.0439453125 0.515625 0.044921875 0.5166015625 0.0458984375 0.517578125 0.0458984375 0.5185546875 0.0458984375 0.51953125 0.0458984375 0.5205078125 0.0458984375 0.521484375 0.0458984375 0.5224609375 0.0458984375 0.5234375 0.0458984375 0.5244140625 0.0458984375 0.525390625 0.0458984375 0.5263671875 0.0458984375 0.52734375 0.0458984375 0.5283203125 0.0458984375 0.529296875 0.0458984375 0.5302734375 0.0458984375 0.53125 0.0458984375 0.53125 0.044921875 0.53125 0.0439453125 0.53125 0.04296875 0.53125 0.0419921875 0.53125 0.041015625 0.53125 0.0400390625 0.53125 0.0390625 0.53125 0.0380859375 0.53125 0.037109375 0.53125 0.0361328125 0.53125 0.03515625 0.53125 0.0341796875 0.53125 0.033203125 0.53125 0.0322265625 0.53125 0.03125 0.5302734375 0.0302734375 0.529296875 0.0302734375 0.5283203125 0.0302734375 0.52734375 0.0302734375 0.5263671875 0.0302734375 0.525390625 0.0302734375 0.5244140625 0.0302734375 0.5234375 0.0302734375 0.5224609375 0.0302734375 0.521484375 0.0302734375 0.5205078125 0.0302734375 0.51953125 0.0302734375 0.5185546875 0.0302734375
0 0.53125 0.0 0.53125 0.0009765625 0.53125 0.001953125 0.53125 0.0029296875 0.53125 0.00390625 0.53125 0.0048828125 0.53125 0.005859375 0.53125 0.0068359375 0.53125 0.0078125 0.53125 0.0087890625 0.53125 0.009765625 0.53125 0.0107421875 0.53125 0.01171875 0.53125 0.0126953125 0.53125 0.013671875 0.5322265625 0.0146484375 0.533203125 0.0146484375 0.5341796875 0.0146484375 0.53515625 0.0146484375 0.5361328125 0.0146484375 0.537109375 0.0146484375 0.5380859375 0.0146484375 0.5390625 0.0146484375 0.5400390625 0.0146484375 0.541015625 0.0146484375 0.5419921875 0.0146484375 0.54296875 0.0146484375 0.5439453125 0.0146484375 0.544921875 0.0146484375 0.5458984375 0.0146484375 0.546875 0.0146484375 0.546875 0.013671875 0.546875 0.0126953125 0.546875 0.01171875 0.546875 0.0107421875 0.546875 0.009765625 0.546875 0.0087890625 0.546875 0.0078125 0.546875 0.0068359375 0.546875 0.005859375 0.546875 0.0048828125 0.546875 0.00390625 0.546875 0.0029296875 0.546875 0.001953125 0.546875 0.0009765625 0.546875 0.0 0.546875 0.0009765625 0.546875 0.001953125 0.546875 0.0029296875 0.546875 0.00390625 0.546875 0.0048828125 0.546875 0.005859375 0.546875 0.0068359375 0.546875 0.0078125 0.546875 0.0087890625 0.546875 0.009765625 0.546875 0.0107421875 0.546875 0.01171875 0.546875 0.0126953125 0.546875 0.013671875 0.5458984375 0.0146484375 0.544921875 0.0146484375 0.5439453125 0.0146484375 0.54296875 0.0146484375 0.5419921875 0.0146484375 0.541015625 0.0146484375 0.5400390625 0.0146484375 0.5390625 0.0146484375 0.5380859375 0.0146484375 0.537109375 0.0146484375 0.5361328125 0.0146484375 0.53515625 0.0146484375 0.5341796875 0.0146484375 0.533203125 0.0146484375 0.5322265625 0.0146484375 0.53125 0.013671875 0.53125 0.0126953125 0.53125 0.01171875 0.53125 0.0107421875 0.53125 0.009765625 0.53125 0.0087890625 0.53125 0.0078125 0.53125 0.0068359375 0.53125 0.005859375 0.53125 0.0048828125 0.53125 0.00390625 0.53125 0.0029296875 0.53125 0.001953125 0.53125 0.0009765625
0 0.015625 0.0 0.015625 0.0009765625 0.015625 0.001953125 0.015625 0.0029296875 0.015625 0.00390625 0.015625 0.0048828125 0.015625 0.005859375 0.015625 0.0068359375 0.015625 0.0078125 0.015625 0.0087890625 0.015625 0.009765625 0.015625 0.0107421875 0.015625 0.01171875 0.015625 0.0126953125 0.015625 0.013671875 0.0166015625 0.0146484375 0.017578125 0.0146484375 0.0185546875 0.0146484375 0.01953125 0.0146484375 0.0205078125 0.0146484375 0.021484375 0.0146484375 0.0224609375 0.0146484375 0.0234375 0.0146484375 0.0244140625 0.0146484375 0.025390625 0.0146484375 0.0263671875 0.0146484375 0.02734375 0.0146484375 0.0283203125 0.0146484375 0.029296875 0.0146484375 0.0302734375 0.0146484375 0.03125 0.0146484375 0.03125 0.013671875 0.03125 0.0126953125 0.03125 0.01171875 0.03125 0.0107421875 0.03125 0.009765625 0.03125 0.0087890625 0.03125 0.0078125 0.03125 0.0068359375 0.03125 0.005859375 0.03125 0.0048828125 0.03125 0.00390625 0.03125 0.0029296875 0.03125 0.001953125 0.03125 0.0009765625 0.03125 0.0 0.03125 0.0009765625 0.03125 0.001953125 0.03125 0.0029296875 0.03125 0.00390625 0.03125 0.0048828125 0.03125 0.005859375 0.03125 0.0068359375 0.03125 0.0078125 0.03125 0.0087890625 0.03125 0.009765625 0.03125 0.0107421875 0.03125 0.01171875 0.03125 0.0126953125 0.03125 0.013671875 0.0302734375 0.0146484375 0.029296875 0.0146484375 0.0283203125 0.0146484375 0.02734375 0.0146484375 0.0263671875 0.0146484375 0.025390625 0.0146484375 0.0244140625 0.0146484375 0.0234375 0.0146484375 0.0224609375 0.0146484375 0.021484375 0.0146484375 0.0205078125 0.0146484375 0.01953125 0.0146484375 0.0185546875 0.0146484375 0.017578125 0.0146484375 0.0166015625 0.0146484375 0.015625 0.013671875 0.015625 0.0126953125 0.015625 0.01171875 0.015625 0.0107421875 0.015625 0.009765625 0.015625 0.0087890625 0.015625 0.0078125 0.015625 0.0068359375 0.015625 0.005859375 0.015625 0.0048828125 0.015625 0.00390625 0.015625 0.0029296875 0.015625 0.001953125 0.015625 0.0009765625
0 0.0 0.0 0.0 0.0009765625 0.0 0.001953125 0.0 0.0029296875 0.0 0.00390625 0.0 0.0048828125 0.0 0.005859375 0.0 0.0068359375 0.0 0.0078125 0.0 0.0087890625 0.0 0.009765625 0.0 0.0107421875 0.0 0.01171875 0.0 0.0126953125 0.0 0.013671875 0.0 0.0146484375 0.0 0.013671875 0.0 0.0126953125 0.0 0.01171875 0.0 0.0107421875 0.0 0.009765625 0.0 0.0087890625 0.0 0.0078125 0.0 0.0068359375 0.0 0.005859375 0.0 0.0048828125 0.0 0.00390625 0.0 0.0029296875 0.0 0.001953125 0.0 0.0009765625
