0 0.7734375 0.83203125 0.7724609375 0.8330078125 0.771484375 0.833984375 0.771484375 0.8349609375 0.771484375 0.8359375 0.771484375 0.8369140625 0.771484375 0.837890625 0.771484375 0.8388671875 0.771484375 0.83984375 0.771484375 0.8408203125 0.771484375 0.841796875 0.771484375 0.8427734375 0.771484375 0.84375 0.771484375 0.8447265625 0.771484375 0.845703125 0.771484375 0.8466796875 0.7724609375 0.84765625 0.7734375 0.84765625 0.7744140625 0.84765625 0.775390625 0.84765625 0.7763671875 0.84765625 0.77734375 0.84765625 0.7783203125 0.84765625 0.779296875 0.84765625 0.7802734375 0.84765625 0.78125 0.84765625 0.7822265625 0.84765625 0.783203125 0.84765625 0.7841796875 0.84765625 0.78515625 0.84765625 0.7861328125 0.84765625 0.787109375 0.84765625 0.787109375 0.8466796875 0.787109375 0.845703125 0.787109375 0.8447265625 0.787109375 0.84375 0.787109375 0.8427734375 0.787109375 0.841796875 0.787109375 0.8408203125 0.787109375 0.83984375 0.787109375 0.8388671875 0.787109375 0.837890625 0.787109375 0.8369140625 0.787109375 0.8359375 0.787109375 0.8349609375 0.787109375 0.833984375 0.787109375 0.8330078125 0.7861328125 0.83203125 0.78515625 0.83203125 0.7841796875 0.83203125 0.783203125 0.83203125 0.7822265625 0.83203125 0.78125 0.83203125 0.7802734375 0.83203125 0.779296875 0.83203125 0.7783203125 0.83203125 0.77734375 0.83203125 0.7763671875 0.83203125 0.775390625 0.83203125 0.7744140625 0.83203125
0 0.7421875 0.83203125 0.7412109375 0.8330078125 0.740234375 0.833984375 0.740234375 0.8349609375 0.740234375 0.8359375 0.740234375 0.8369140625 0.740234375 0.837890625 0.740234375 0.8388671875 0.740234375 0.83984375 0.740234375 0.8408203125 0.740234375 0.841796875 0.740234375 0.8427734375 0.740234375 0.84375 0.740234375 0.8447265625 0.740234375 0.845703125 0.740234375 0.8466796875 0.7412109375 0.84765625 0.7421875 0.84765625 0.7431640625 0.84765625 0.744140625 0.84765625 0.7451171875 0.84765625 0.74609375 0.84765625 0.7470703125 0.84765625 0.748046875 0.84765625 0.7490234375 0.84765625 0.75 0.84765625 0.7509765625 0.84765625 0.751953125 0.84765625 0.7529296875 0.84765625 0.75390625 0.84765625 0.7548828125 0.84765625 0.755859375 0.84765625 0.755859375 0.8466796875 0.755859375 0.845703125 0.755859375 0.8447265625 0.755859375 0.84375 0.755859375 0.8427734375 0.755859375 0.841796875 0.755859375 0.8408203125 0.755859375 0.83984375 0.755859375 0.8388671875 0.755859375 0.837890625 0.755859375 0.8369140625 0.755859375 0.8359375 0.755859375 0.8349609375 0.755859375 0.833984375 0.755859375 0.8330078125 0.7548828125 0.83203125 0.75390625 0.83203125 0.7529296875 0.83203125 0.751953125 0.83203125 0.7509765625 0.83203125 0.75 0.83203125 0.7490234375 0.83203125 0.748046875 0.83203125 0.7470703125 0.83203125 0.74609375 0.83203125 0.7451171875 0.83203125 0.744140625 0.83203125 0.7431640625 0.83203125
0 0.0234375 0.83203125 0.0224609375 0.8330078125 0.021484375 0.833984375 0.021484375 0.8349609375 0.021484375 0.8359375 0.021484375 0.8369140625 0.021484375 0.837890625 0.021484375 0.8388671875 0.021484375 0.83984375 0.021484375 0.8408203125 0.021484375 0.841796875 0.021484375 0.8427734375 0.021484375 0.84375 0.021484375 0.8447265625 0.021484375 0.845703125 0.021484375 0.8466796875 0.0224609375 0.84765625 0.0234375 0.84765625 0.0244140625 0.84765625 0.025390625 0.84765625 0.0263671875 0.84765625 0.02734375 0.84765625 0.0283203125 0.84765625 0.029296875 0.84765625 0.0302734375 0.84765625 0.03125 0.84765625 0.0322265625 0.84765625 0.033203125 0.84765625 0.0341796875 0.84765625 0.03515625 0.84765625 0.0361328125 0.84765625 0.037109375 0.84765625 0.037109375 0.8466796875 0.037109375 0.845703125 0.037109375 0.8447265625 0.037109375 0.84375 0.037109375 0.8427734375 0.037109375 0.841796875 0.037109375 0.8408203125 0.037109375 0.83984375 0.037109375 0.8388671875 0.037109375 0.837890625 0.037109375 0.8369140625 0.037109375 0.8359375 0.037109375 0.8349609375 0.037109375 0.833984375 0.037109375 0.8330078125 0.0361328125 0.83203125 0.03515625 0.83203125 0.0341796875 0.83203125 0.033203125 0.83203125 0.0322265625 0.83203125 0.03125 0.83203125 0.0302734375 0.83203125 0.029296875 0.83203125 0.0283203125 0.83203125 0.02734375 0.83203125 0.0263671875 0.83203125 0.025390625 0.83203125 0.0244140625 0.83203125
0 0.7109375 0.80078125 0.7099609375 0.8017578125 0.708984375 0.802734375 0.708984375 0.8037109375 0.708984375 0.8046875 0.708984375 0.8056640625 0.708984375 0.806640625 0.708984375 0.8076171875 0.708984375 0.80859375 0.708984375 0.8095703125 0.708984375 0.810546875 0.708984375 0.8115234375 0.708984375 0.8125 0.708984375 0.8134765625 0.708984375 0.814453125 0.708984375 0.8154296875 0.7099609375 0.81640625 0.7109375 0.81640625 0.7119140625 0.81640625 0.712890625 0.81640625 0.7138671875 0.81640625 0.71484375 0.81640625 0.7158203125 0.81640625 0.716796875 0.81640625 0.7177734375 0.81640625 0.71875 0.81640625 0.7197265625 0.81640625 0.720703125 0.81640625 0.7216796875 0.81640625 0.72265625 0.81640625 0.7236328125 0.81640625 0.724609375 0.81640625 0.7255859375 0.81640625 0.7265625 0.81640625 0.7275390625 0.81640625 0.728515625 0.81640625 0.7294921875 0.81640625 0.73046875 0.81640625 0.7314453125 0.81640625 0.732421875 0.81640625 0.7333984375 0.81640625 0.734375 0.81640625 0.7353515625 0.81640625 0.736328125 0.81640625 0.7373046875 0.81640625 0.73828125 0.81640625 0.7392578125 0.81640625 0.740234375 0.81640625 0.740234375 0.8154296875 0.740234375 0.814453125 0.740234375 0.8134765625 0.740234375 0.8125 0.740234375 0.8115234375 0.740234375 0.810546875 0.740234375 0.8095703125 0.740234375 0.80859375 0.740234375 0.8076171875 0.740234375 0.806640625 0.740234375 0.8056640625 0.740234375 0.8046875 0.740234375 0.8037109375 0.740234375 0.802734375 0.740234375 0.8017578125 0.7392578125 0.80078125 0.73828125 0.80078125 0.7373046875 0.80078125 0.736328125 0.80078125 0.7353515625 0.80078125 0.734375 0.80078125 0.7333984375 0.80078125 0.732421875 0.80078125 0.7314453125 0.80078125 0.73046875 0.80078125 0.7294921875 0.80078125 0.728515625 0.80078125 0.7275390625 0.80078125 0.7265625 0.80078125 0.7255859375 0.80078125 0.724609375 0.80078125 0.7236328125 0.80078125 0.72265625 0.80078125 0.7216796875 0.80078125 0.720703125 0.80078125 0.7197265625 0.80078125 0.71875 0.80078125 0.7177734375 0.80078125 0.716796875 0.80078125 0.7158203125 0.80078125 0.71484375 0.80078125 0.7138671875 0.80078125 0.712890625 0.80078125 0.7119140625 0.80078125
0 0.0 0.78515625 0.0009765625 0.78515625 0.001953125 0.78515625 0.0029296875 0.78515625 0.00390625 0.78515625 0.0048828125 0.78515625 0.005859375 0.7861328125 0.005859375 0.787109375 0.005859375 0.7880859375 0.005859375 0.7890625 0.005859375 0.7900390625 0.005859375 0.791015625 0.005859375 0.7919921875 0.005859375 0.79296875 0.005859375 0.7939453125 0.005859375 0.794921875 0.005859375 0.7958984375 0.005859375 0.796875 0.005859375 0.7978515625 0.005859375 0.798828125 0.005859375 0.7998046875 0.0048828125 0.80078125 0.00390625 0.80078125 0.0029296875 0.80078125 0.001953125 0.80078125 0.0009765625 0.80078125 0.0 0.80078125 0.0009765625 0.80078125 0.001953125 0.80078125 0.0029296875 0.80078125 0.00390625 0.80078125 0.0048828125 0.80078125 0.005859375 0.80078125 0.005859375 0.7998046875 0.005859375 0.798828125 0.005859375 0.7978515625 0.005859375 0.796875 0.005859375 0.7958984375 0.005859375 0.794921875 0.005859375 0.7939453125 0.005859375 0.79296875 0.005859375 0.7919921875 0.005859375 0.791015625 0.005859375 0.7900390625 0.005859375 0.7890625 0.005859375 0.7880859375 0.005859375 0.787109375 0.005859375 0.7861328125 0.0048828125 0.78515625 0.00390625 0.78515625 0.0029296875 0.78515625 0.001953125 0.78515625 0.0009765625 0.78515625
0 0.0546875 0.75390625 0.0537109375 0.7548828125 0.052734375 0.755859375 0.052734375 0.7568359375 0.052734375 0.7578125 0.052734375 0.7587890625 0.052734375 0.759765625 0.052734375 0.7607421875 0.052734375 0.76171875 0.052734375 0.7626953125 0.052734375 0.763671875 0.052734375 0.7646484375 0.052734375 0.765625 0.052734375 0.7666015625 0.052734375 0.767578125 0.052734375 0.7685546875 0.0537109375 0.76953125 0.0546875 0.76953125 0.0556640625 0.76953125 0.056640625 0.76953125 0.0576171875 0.76953125 0.05859375 0.76953125 0.0595703125 0.76953125 0.060546875 0.76953125 0.0615234375 0.76953125 0.0625 0.76953125 0.0634765625 0.76953125 0.064453125 0.76953125 0.0654296875 0.76953125 0.06640625 0.76953125 0.0673828125 0.76953125 0.068359375 0.76953125 0.0693359375 0.76953125 0.0703125 0.76953125 0.0712890625 0.76953125 0.072265625 0.76953125 0.0732421875 0.76953125 0.07421875 0.76953125 0.0751953125 0.76953125 0.076171875 0.76953125 0.0771484375 0.76953125 0.078125 0.76953125 0.0791015625 0.76953125 0.080078125 0.76953125 0.0810546875 0.76953125 0.08203125 0.76953125 0.0830078125 0.76953125 0.083984375 0.76953125 0.0849609375 0.76953125 0.0859375 0.76953125 0.0869140625 0.76953125 0.087890625 0.76953125 0.0888671875 0.76953125 0.08984375 0.76953125 0.0908203125 0.76953125 0.091796875 0.76953125 0.0927734375 0.76953125 0.09375 0.76953125 0.0947265625 0.76953125 0.095703125 0.76953125 0.0966796875 0.76953125 0.09765625 0.76953125 0.0986328125 0.76953125 0.099609375 0.76953125 0.099609375 0.7685546875 0.099609375 0.767578125 0.099609375 0.7666015625 0.099609375 0.765625 0.099609375 0.7646484375 0.099609375 0.763671875 0.099609375 0.7626953125 0.099609375 0.76171875 0.099609375 0.7607421875 0.099609375 0.759765625 0.099609375 0.7587890625 0.099609375 0.7578125 0.099609375 0.7568359375 0.099609375 0.755859375 0.099609375 0.7548828125 0.0986328125 0.75390625 0.09765625 0.75390625 0.0966796875 0.75390625 0.095703125 0.75390625 0.0947265625 0.75390625 0.09375 0.75390625 0.0927734375 0.75390625 0.091796875 0.75390625 0.0908203125 0.75390625 0.08984375 0.75390625 0.0888671875 0.75390625 0.087890625 0.75390625 0.0869140625 0.75390625 0.0859375 0.75390625 0.0849609375 0.75390625 0.083984375 0.75390625 0.0830078125 0.75390625 0.08203125 0.75390625 0.0810546875 0.75390625 0.080078125 0.75390625 0.0791015625 0.75390625 0.078125 0.75390625 0.0771484375 0.75390625 0.076171875 0.75390625 0.0751953125 0.75390625 0.07421875 0.75390625 0.0732421875 0.75390625 0.072265625 0.75390625 0.0712890625 0.75390625 0.0703125 0.75390625 0.0693359375 0.75390625 0.068359375 0.75390625 0.0673828125 0.75390625 0.06640625 0.75390625 0.0654296875 0.75390625 0.064453125 0.75390625 0.0634765625 0.75390625 0.0625 0.75390625 0.0615234375 0.75390625 0.060546875 0.75390625 0.0595703125 0.75390625 0.05859375 0.75390625 0.0576171875 0.75390625 0.056640625 0.75390625 0.0556640625 0.75390625
0 0.0 0.75390625 0.0009765625 0.75390625 0.001953125 0.75390625 0.0029296875 0.75390625 0.00390625 0.75390625 0.0048828125 0.75390625 0.005859375 0.7548828125 0.005859375 0.755859375 0.005859375 0.7568359375 0.005859375 0.7578125 0.005859375 0.7587890625 0.005859375 0.759765625 0.005859375 0.7607421875 0.005859375 0.76171875 0.005859375 0.7626953125 0.005859375 0.763671875 0.005859375 0.7646484375 0.005859375 0.765625 0.005859375 0.7666015625 0.005859375 0.767578125 0.005859375 0.7685546875 0.0048828125 0.76953125 0.00390625 0.76953125 0.0029296875 0.76953125 0.001953125 0.76953125 0.0009765625 0.76953125 0.0 0.76953125 0.0009765625 0.76953125 0.001953125 0.76953125 0.0029296875 0.76953125 0.00390625 0.76953125 0.0048828125 0.76953125 0.005859375 0.76953125 0.005859375 0.7685546875 0.005859375 0.767578125 0.005859375 0.7666015625 0.005859375 0.765625 0.005859375 0.7646484375 0.005859375 0.763671875 0.005859375 0.7626953125 0.005859375 0.76171875 0.005859375 0.7607421875 0.005859375 0.759765625 0.005859375 0.7587890625 0.005859375 0.7578125 0.005859375 0.7568359375 0.005859375 0.755859375 0.005859375 0.7548828125 0.0048828125 0.75390625 0.00390625 0.75390625 0.0029296875 0.75390625 0.001953125 0.75390625 0.0009765625 0.75390625
0 0.0546875 0.72265625 0.0537109375 0.7236328125 0.052734375 0.724609375 0.052734375 0.7255859375 0.052734375 0.7265625 0.052734375 0.7275390625 0.052734375 0.728515625 0.052734375 0.7294921875 0.052734375 0.73046875 0.052734375 0.7314453125 0.052734375 0.732421875 0.052734375 0.7333984375 0.052734375 0.734375 0.052734375 0.7353515625 0.052734375 0.736328125 0.052734375 0.7373046875 0.0537109375 0.73828125 0.0546875 0.73828125 0.0556640625 0.73828125 0.056640625 0.73828125 0.0576171875 0.73828125 0.05859375 0.73828125 0.0595703125 0.73828125 0.060546875 0.73828125 0.0615234375 0.73828125 0.0625 0.73828125 0.0634765625 0.73828125 0.064453125 0.73828125 0.0654296875 0.73828125 0.06640625 0.73828125 0.0673828125 0.73828125 0.068359375 0.73828125 0.068359375 0.7373046875 0.068359375 0.736328125 0.068359375 0.7353515625 0.068359375 0.734375 0.068359375 0.7333984375 0.068359375 0.732421875 0.068359375 0.7314453125 0.068359375 0.73046875 0.068359375 0.7294921875 0.068359375 0.728515625 0.068359375 0.7275390625 0.068359375 0.7265625 0.068359375 0.7255859375 0.068359375 0.724609375 0.068359375 0.7236328125 0.0673828125 0.72265625 0.06640625 0.72265625 0.0654296875 0.72265625 0.064453125 0.72265625 0.0634765625 0.72265625 0.0625 0.72265625 0.0615234375 0.72265625 0.060546875 0.72265625 0.0595703125 0.72265625 0.05859375 0.72265625 0.0576171875 0.72265625 0.056640625 0.72265625 0.0556640625 0.72265625
0 0.0 0.70703125 0.0009765625 0.70703125 0.001953125 0.70703125 0.0029296875 0.70703125 0.00390625 0.70703125 0.0048828125 0.70703125 0.005859375 0.7080078125 0.005859375 0.708984375 0.005859375 0.7099609375 0.005859375 0.7109375 0.005859375 0.7119140625 0.005859375 0.712890625 0.005859375 0.7138671875 0.005859375 0.71484375 0.005859375 0.7158203125 0.005859375 0.716796875 0.005859375 0.7177734375 0.005859375 0.71875 0.005859375 0.7197265625 0.005859375 0.720703125 0.005859375 0.7216796875 0.0048828125 0.72265625 0.00390625 0.72265625 0.0029296875 0.72265625 0.001953125 0.72265625 0.0009765625 0.72265625 0.0 0.72265625 0.0009765625 0.72265625 0.001953125 0.72265625 0.0029296875 0.72265625 0.00390625 0.72265625 0.0048828125 0.72265625 0.005859375 0.72265625 0.005859375 0.7216796875 0.005859375 0.720703125 0.005859375 0.7197265625 0.005859375 0.71875 0.005859375 0.7177734375 0.005859375 0.716796875 0.005859375 0.7158203125 0.005859375 0.71484375 0.005859375 0.7138671875 0.005859375 0.712890625 0.005859375 0.7119140625 0.005859375 0.7109375 0.005859375 0.7099609375 0.005859375 0.708984375 0.005859375 0.7080078125 0.0048828125 0.70703125 0.00390625 0.70703125 0.0029296875 0.70703125 0.001953125 0.70703125 0.0009765625 0.70703125
0 0.0546875 0.67578125 0.0537109375 0.6767578125 0.052734375 0.677734375 0.052734375 0.6787109375 0.052734375 0.6796875 0.052734375 0.6806640625 0.052734375 0.681640625 0.052734375 0.6826171875 0.052734375 0.68359375 0.052734375 0.6845703125 0.052734375 0.685546875 0.052734375 0.6865234375 0.052734375 0.6875 0.052734375 0.6884765625 0.052734375 0.689453125 0.052734375 0.6904296875 0.0537109375 0.69140625 0.0546875 0.69140625 0.0556640625 0.69140625 0.056640625 0.69140625 0.0576171875 0.69140625 0.05859375 0.69140625 0.0595703125 0.69140625 0.060546875 0.69140625 0.0615234375 0.69140625 0.0625 0.69140625 0.0634765625 0.69140625 0.064453125 0.69140625 0.0654296875 0.69140625 0.06640625 0.69140625 0.0673828125 0.69140625 0.068359375 0.69140625 0.068359375 0.6904296875 0.068359375 0.689453125 0.068359375 0.6884765625 0.068359375 0.6875 0.068359375 0.6865234375 0.068359375 0.685546875 0.068359375 0.6845703125 0.068359375 0.68359375 0.068359375 0.6826171875 0.068359375 0.681640625 0.068359375 0.6806640625 0.068359375 0.6796875 0.068359375 0.6787109375 0.068359375 0.677734375 0.068359375 0.6767578125 0.0673828125 0.67578125 0.06640625 0.67578125 0.0654296875 0.67578125 0.064453125 0.67578125 0.0634765625 0.67578125 0.0625 0.67578125 0.0615234375 0.67578125 0.060546875 0.67578125 0.0595703125 0.67578125 0.05859375 0.67578125 0.0576171875 0.67578125 0.056640625 0.67578125 0.0556640625 0.67578125
0 0.5078125 0.6640625 0.5068359375 0.6650390625 0.505859375 0.666015625 0.505859375 0.6669921875 0.505859375 0.66796875 0.505859375 0.6689453125 0.505859375 0.669921875 0.505859375 0.6708984375 0.505859375 0.671875 0.505859375 0.6728515625 0.505859375 0.673828125 0.505859375 0.6748046875 0.505859375 0.67578125 0.505859375 0.6767578125 0.505859375 0.677734375 0.505859375 0.6787109375 0.505859375 0.6796875 0.505859375 0.6806640625 0.505859375 0.681640625 0.505859375 0.6826171875 0.505859375 0.68359375 0.505859375 0.6845703125 0.505859375 0.685546875 0.505859375 0.6865234375 0.505859375 0.6875 0.505859375 0.6884765625 0.505859375 0.689453125 0.505859375 0.6904296875 0.5048828125 0.69140625 0.50390625 0.69140625 0.5029296875 0.69140625 0.501953125 0.69140625 0.5009765625 0.69140625 0.5 0.69140625 0.4990234375 0.69140625 0.498046875 0.69140625 0.4970703125 0.69140625 0.49609375 0.69140625 0.4951171875 0.69140625 0.494140625 0.69140625 0.4931640625 0.69140625 0.4921875 0.69140625 0.4912109375 0.6923828125 0.490234375 0.693359375 0.490234375 0.6943359375 0.490234375 0.6953125 0.490234375 0.6962890625 0.490234375 0.697265625 0.490234375 0.6982421875 0.490234375 0.69921875 0.490234375 0.7001953125 0.490234375 0.701171875 0.490234375 0.7021484375 0.490234375 0.703125 0.490234375 0.7041015625 0.490234375 0.705078125 0.490234375 0.7060546875 0.490234375 0.70703125 0.490234375 0.7080078125 0.490234375 0.708984375 0.490234375 0.7099609375 0.490234375 0.7109375 0.490234375 0.7119140625 0.490234375 0.712890625 0.490234375 0.7138671875 0.490234375 0.71484375 0.490234375 0.7158203125 0.490234375 0.716796875 0.490234375 0.7177734375 0.490234375 0.71875 0.490234375 0.7197265625 0.490234375 0.720703125 0.490234375 0.7216796875 0.4912109375 0.72265625 0.4921875 0.72265625 0.4931640625 0.72265625 0.494140625 0.72265625 0.4951171875 0.72265625 0.49609375 0.72265625 0.4970703125 0.72265625 0.498046875 0.72265625 0.4990234375 0.72265625 0.5 0.72265625 0.5009765625 0.72265625 0.501953125 0.72265625 0.5029296875 0.72265625 0.50390625 0.72265625 0.5048828125 0.72265625 0.505859375 0.72265625 0.505859375 0.7216796875 0.505859375 0.720703125 0.505859375 0.7197265625 0.505859375 0.71875 0.505859375 0.7177734375 0.505859375 0.716796875 0.505859375 0.7158203125 0.505859375 0.71484375 0.505859375 0.7138671875 0.505859375 0.712890625 0.505859375 0.7119140625 0.505859375 0.7109375 0.505859375 0.7099609375 0.505859375 0.708984375 0.505859375 0.7080078125 0.505859375 0.70703125 0.505859375 0.7060546875 0.505859375 0.705078125 0.505859375 0.7041015625 0.505859375 0.703125 0.505859375 0.7021484375 0.505859375 0.701171875 0.505859375 0.7001953125 0.505859375 0.69921875 0.505859375 0.6982421875 0.505859375 0.697265625 0.505859375 0.6962890625 0.505859375 0.6953125 0.505859375 0.6943359375 0.505859375 0.693359375 0.505859375 0.6943359375 0.505859375 0.6953125 0.505859375 0.6962890625 0.505859375 0.697265625 0.505859375 0.6982421875 0.505859375 0.69921875 0.505859375 0.7001953125 0.505859375 0.701171875 0.505859375 0.7021484375 0.505859375 0.703125 0.505859375 0.7041015625 0.505859375 0.705078125 0.505859375 0.7060546875 0.505859375 0.70703125 0.505859375 0.7080078125 0.505859375 0.708984375 0.505859375 0.7099609375 0.505859375 0.7109375 0.505859375 0.7119140625 0.505859375 0.712890625 0.505859375 0.7138671875 0.505859375 0.71484375 0.505859375 0.7158203125 0.505859375 0.716796875 0.505859375 0.7177734375 0.505859375 0.71875 0.505859375 0.7197265625 0.505859375 0.720703125 0.505859375 0.7216796875 0.5048828125 0.72265625 0.50390625 0.72265625 0.5029296875 0.72265625 0.501953125 0.72265625 0.5009765625 0.72265625 0.5 0.72265625 0.4990234375 0.72265625 0.498046875 0.72265625 0.4970703125 0.72265625 0.49609375 0.72265625 0.4951171875 0.72265625 0.494140625 0.72265625 0.4931640625 0.72265625 0.4921875 0.72265625 0.4912109375 0.72265625 0.490234375 0.7216796875 0.490234375 0.720703125 0.490234375 0.7197265625 0.490234375 0.71875 0.490234375 0.7177734375 0.490234375 0.716796875 0.490234375 0.7158203125 0.490234375 0.71484375 0.490234375 0.7138671875 0.490234375 0.712890625 0.490234375 0.7119140625 0.490234375 0.7109375 0.490234375 0.7099609375 0.490234375 0.708984375 0.490234375 0.7080078125 0.490234375 0.70703125 0.490234375 0.7060546875 0.490234375 0.705078125 0.490234375 0.7041015625 0.490234375 0.703125 0.490234375 0.7021484375 0.490234375 0.701171875 0.490234375 0.7001953125 0.490234375 0.69921875 0.490234375 0.6982421875 0.490234375 0.697265625 0.490234375 0.6962890625 0.490234375 0.6953125 0.490234375 0.6943359375 0.490234375 0.693359375 0.4912109375 0.6923828125 0.4921875 0.69140625 0.4931640625 0.69140625 0.494140625 0.69140625 0.4951171875 0.69140625 0.49609375 0.69140625 0.4970703125 0.69140625 0.498046875 0.69140625 0.4990234375 0.69140625 0.5 0.69140625 0.5009765625 0.69140625 0.501953125 0.69140625 0.5029296875 0.69140625 0.50390625 0.69140625 0.5048828125 0.69140625 0.505859375 0.6904296875 0.505859375 0.689453125 0.505859375 0.6884765625 0.505859375 0.6875 0.505859375 0.6865234375 0.505859375 0.685546875 0.505859375 0.6845703125 0.505859375 0.68359375 0.505859375 0.6826171875 0.505859375 0.681640625 0.505859375 0.6806640625 0.505859375 0.6796875 0.505859375 0.6787109375 0.505859375 0.677734375 0.505859375 0.6767578125 0.505859375 0.67578125 0.505859375 0.6748046875 0.505859375 0.673828125 0.505859375 0.6728515625 0.505859375 0.671875 0.505859375 0.6708984375 0.505859375 0.669921875 0.505859375 0.6689453125 0.505859375 0.66796875 0.505859375 0.6669921875 0.505859375 0.666015625 0.5068359375 0.6650390625 0.5078125 0.6640625 0.5087890625 0.6640625 0.509765625 0.6640625 0.5107421875 0.6640625 0.51171875 0.6640625 0.5126953125 0.6640625 0.513671875 0.6640625 0.5146484375 0.6640625 0.515625 0.6640625 0.5166015625 0.6640625 0.517578125 0.6640625 0.5185546875 0.6640625 0.51953125 0.6640625 0.5205078125 0.6640625 0.521484375 0.6650390625 0.521484375 0.666015625 0.521484375 0.6669921875 0.521484375 0.66796875 0.521484375 0.6689453125 0.521484375 0.669921875 0.521484375 0.6708984375 0.521484375 0.671875 0.521484375 0.6728515625 0.521484375 0.673828125 0.521484375 0.6748046875 0.521484375 0.67578125 0.521484375 0.6767578125 0.521484375 0.677734375 0.521484375 0.6787109375 0.521484375 0.6796875 0.521484375 0.6806640625 0.521484375 0.681640625 0.521484375 0.6826171875 0.521484375 0.68359375 0.521484375 0.6845703125 0.521484375 0.685546875 0.521484375 0.6865234375 0.521484375 0.6875 0.521484375 0.6884765625 0.521484375 0.689453125 0.521484375 0.6904296875 0.5205078125 0.69140625 0.51953125 0.69140625 0.5185546875 0.69140625 0.517578125 0.69140625 0.5166015625 0.69140625 0.515625 0.69140625 0.5146484375 0.69140625 0.513671875 0.69140625 0.5126953125 0.69140625 0.51171875 0.69140625 0.5107421875 0.69140625 0.509765625 0.69140625 0.5087890625 0.69140625 0.5078125 0.69140625 0.5087890625 0.69140625 0.509765625 0.69140625 0.5107421875 0.69140625 0.51171875 0.69140625 0.5126953125 0.69140625 0.513671875 0.69140625 0.5146484375 0.69140625 0.515625 0.69140625 0.5166015625 0.69140625 0.517578125 0.69140625 0.5185546875 0.69140625 0.51953125 0.69140625 0.5205078125 0.69140625 0.521484375 0.69140625 0.521484375 0.6904296875 0.521484375 0.689453125 0.521484375 0.6884765625 0.521484375 0.6875 0.521484375 0.6865234375 0.521484375 0.685546875 0.521484375 0.6845703125 0.521484375 0.68359375 0.521484375 0.6826171875 0.521484375 0.681640625 0.521484375 0.6806640625 0.521484375 0.6796875 0.521484375 0.6787109375 0.521484375 0.677734375 0.521484375 0.6767578125 0.521484375 0.67578125 0.521484375 0.6748046875 0.521484375 0.673828125 0.521484375 0.6728515625 0.521484375 0.671875 0.521484375 0.6708984375 0.521484375 0.669921875 0.521484375 0.6689453125 0.521484375 0.66796875 0.521484375 0.6669921875 0.521484375 0.666015625 0.521484375 0.6650390625 0.5205078125 0.6640625 0.51953125 0.6640625 0.5185546875 0.6640625 0.517578125 0.6640625 0.5166015625 0.6640625 0.515625 0.6640625 0.5146484375 0.6640625 0.513671875 0.6640625 0.5126953125 0.6640625 0.51171875 0.6640625 0.5107421875 0.6640625 0.509765625 0.6640625 0.5087890625 0.6640625
0 0.6796875 0.5859375 0.6787109375 0.5869140625 0.677734375 0.587890625 0.677734375 0.5888671875 0.677734375 0.58984375 0.677734375 0.5908203125 0.677734375 0.591796875 0.677734375 0.5927734375 0.677734375 0.59375 0.677734375 0.5947265625 0.677734375 0.595703125 0.677734375 0.5966796875 0.677734375 0.59765625 0.677734375 0.5986328125 0.677734375 0.599609375 0.677734375 0.6005859375 0.6787109375 0.6015625 0.6796875 0.6015625 0.6806640625 0.6015625 0.681640625 0.6015625 0.6826171875 0.6015625 0.68359375 0.6015625 0.6845703125 0.6015625 0.685546875 0.6015625 0.6865234375 0.6015625 0.6875 0.6015625 0.6884765625 0.6015625 0.689453125 0.6015625 0.6904296875 0.6015625 0.69140625 0.6015625 0.6923828125 0.6015625 0.693359375 0.6015625 0.693359375 0.6005859375 0.693359375 0.599609375 0.693359375 0.5986328125 0.693359375 0.59765625 0.693359375 0.5966796875 0.693359375 0.595703125 0.693359375 0.5947265625 0.693359375 0.59375 0.693359375 0.5927734375 0.693359375 0.591796875 0.693359375 0.5908203125 0.693359375 0.58984375 0.693359375 0.5888671875 0.693359375 0.587890625 0.693359375 0.5869140625 0.6923828125 0.5859375 0.69140625 0.5859375 0.6904296875 0.5859375 0.689453125 0.5859375 0.6884765625 0.5859375 0.6875 0.5859375 0.6865234375 0.5859375 0.685546875 0.5859375 0.6845703125 0.5859375 0.68359375 0.5859375 0.6826171875 0.5859375 0.681640625 0.5859375 0.6806640625 0.5859375
0 0.005859375 0.509765625 0.005859375 0.5107421875 0.005859375 0.51171875 0.005859375 0.5126953125 0.005859375 0.513671875 0.005859375 0.5146484375 0.005859375 0.515625 0.005859375 0.5166015625 0.005859375 0.517578125 0.005859375 0.5185546875 0.005859375 0.51953125 0.005859375 0.5205078125 0.005859375 0.521484375 0.005859375 0.5224609375 0.0048828125 0.5234375 0.00390625 0.5234375 0.0029296875 0.5234375 0.001953125 0.5234375 0.0009765625 0.5234375 0.0 0.5234375 0.0009765625 0.5234375 0.001953125 0.5234375 0.0029296875 0.5234375 0.00390625 0.5234375 0.0048828125 0.5234375 0.005859375 0.5234375 0.005859375 0.5224609375 0.005859375 0.521484375 0.005859375 0.5205078125 0.005859375 0.51953125 0.005859375 0.5185546875 0.005859375 0.517578125 0.005859375 0.5166015625 0.005859375 0.515625 0.005859375 0.5146484375 0.005859375 0.513671875 0.005859375 0.5126953125 0.005859375 0.51171875 0.005859375 0.5107421875
0 0.0078125 0.4921875 0.0068359375 0.4931640625 0.005859375 0.494140625 0.005859375 0.4951171875 0.005859375 0.49609375 0.005859375 0.4970703125 0.005859375 0.498046875 0.005859375 0.4990234375 0.005859375 0.5 0.005859375 0.5009765625 0.005859375 0.501953125 0.005859375 0.5029296875 0.005859375 0.50390625 0.005859375 0.5048828125 0.005859375 0.505859375 0.005859375 0.5068359375 0.0048828125 0.5078125 0.00390625 0.5078125 0.0029296875 0.5078125 0.001953125 0.5078125 0.0009765625 0.5078125 0.0 0.5078125 0.0009765625 0.5078125 0.001953125 0.5078125 0.0029296875 0.5078125 0.00390625 0.5078125 0.0048828125 0.5078125 0.005859375 0.5068359375 0.005859375 0.505859375 0.005859375 0.5048828125 0.005859375 0.50390625 0.005859375 0.5029296875 0.005859375 0.501953125 0.005859375 0.5009765625 0.005859375 0.5 0.005859375 0.4990234375 0.005859375 0.498046875 0.005859375 0.4970703125 0.005859375 0.49609375 0.005859375 0.4951171875 0.005859375 0.494140625 0.0068359375 0.4931640625 0.0078125 0.4921875 0.0087890625 0.4921875 0.009765625 0.4921875 0.0107421875 0.4921875 0.01171875 0.4921875 0.0126953125 0.4921875 0.013671875 0.4921875 0.0146484375 0.4921875 0.015625 0.4921875 0.0166015625 0.4921875 0.017578125 0.4921875 0.0185546875 0.4921875 0.01953125 0.4921875 0.0205078125 0.4921875 0.021484375 0.4931640625 0.021484375 0.494140625 0.021484375 0.4951171875 0.021484375 0.49609375 0.021484375 0.4970703125 0.021484375 0.498046875 0.021484375 0.4990234375 0.021484375 0.5 0.021484375 0.5009765625 0.021484375 0.501953125 0.021484375 0.5029296875 0.021484375 0.50390625 0.021484375 0.5048828125 0.021484375 0.505859375 0.021484375 0.5068359375 0.0205078125 0.5078125 0.01953125 0.5078125 0.0185546875 0.5078125 0.017578125 0.5078125 0.0166015625 0.5078125 0.015625 0.5078125 0.0146484375 0.5078125 0.013671875 0.5078125 0.0126953125 0.5078125 0.01171875 0.5078125 0.0107421875 0.5078125 0.009765625 0.5078125 0.0087890625 0.5078125 0.0078125 0.5078125 0.0087890625 0.5078125 0.009765625 0.5078125 0.0107421875 0.5078125 0.01171875 0.5078125 0.0126953125 0.5078125 0.013671875 0.5078125 0.0146484375 0.5078125 0.015625 0.5078125 0.0166015625 0.5078125 0.017578125 0.5078125 0.0185546875 0.5078125 0.01953125 0.5078125 0.0205078125 0.5078125 0.021484375 0.5078125 0.021484375 0.5068359375 0.021484375 0.505859375 0.021484375 0.5048828125 0.021484375 0.50390625 0.021484375 0.5029296875 0.021484375 0.501953125 0.021484375 0.5009765625 0.021484375 0.5 0.021484375 0.4990234375 0.021484375 0.498046875 0.021484375 0.4970703125 0.021484375 0.49609375 0.021484375 0.4951171875 0.021484375 0.494140625 0.021484375 0.4931640625 0.0205078125 0.4921875 0.01953125 0.4921875 0.0185546875 0.4921875 0.017578125 0.4921875 0.0166015625 0.4921875 0.015625 0.4921875 0.0146484375 0.4921875 0.013671875 0.4921875 0.0126953125 0.4921875 0.01171875 0.4921875 0.0107421875 0.4921875 0.009765625 0.4921875 0.0087890625 0.4921875
0 0.4609375 0.4296875 0.4599609375 0.4306640625 0.458984375 0.431640625 0.458984375 0.4326171875 0.458984375 0.43359375 0.458984375 0.4345703125 0.458984375 0.435546875 0.458984375 0.4365234375 0.458984375 0.4375 0.458984375 0.4384765625 0.458984375 0.439453125 0.458984375 0.4404296875 0.458984375 0.44140625 0.458984375 0.4423828125 0.458984375 0.443359375 0.458984375 0.4443359375 0.458984375 0.4453125 0.458984375 0.4462890625 0.458984375 0.447265625 0.458984375 0.4482421875 0.458984375 0.44921875 0.458984375 0.4501953125 0.458984375 0.451171875 0.458984375 0.4521484375 0.458984375 0.453125 0.458984375 0.4541015625 0.458984375 0.455078125 0.458984375 0.4560546875 0.458984375 0.45703125 0.458984375 0.4580078125 0.458984375 0.458984375 0.458984375 0.4599609375 0.4599609375 0.4609375 0.4609375 0.4609375 0.4619140625 0.4609375 0.462890625 0.4609375 0.4638671875 0.4609375 0.46484375 0.4609375 0.4658203125 0.4609375 0.466796875 0.4609375 0.4677734375 0.4609375 0.46875 0.4609375 0.4697265625 0.4609375 0.470703125 0.4609375 0.4716796875 0.4609375 0.47265625 0.4609375 0.4736328125 0.4609375 0.474609375 0.4609375 0.474609375 0.4599609375 0.474609375 0.458984375 0.474609375 0.4580078125 0.474609375 0.45703125 0.474609375 0.4560546875 0.474609375 0.455078125 0.474609375 0.4541015625 0.474609375 0.453125 0.474609375 0.4521484375 0.474609375 0.451171875 0.474609375 0.4501953125 0.474609375 0.44921875 0.474609375 0.4482421875 0.474609375 0.447265625 0.474609375 0.4462890625 0.474609375 0.4453125 0.474609375 0.4443359375 0.474609375 0.443359375 0.474609375 0.4423828125 0.474609375 0.44140625 0.474609375 0.4404296875 0.474609375 0.439453125 0.474609375 0.4384765625 0.474609375 0.4375 0.474609375 0.4365234375 0.474609375 0.435546875 0.474609375 0.4345703125 0.474609375 0.43359375 0.474609375 0.4326171875 0.474609375 0.431640625 0.474609375 0.4306640625 0.4736328125 0.4296875 0.47265625 0.4296875 0.4716796875 0.4296875 0.470703125 0.4296875 0.4697265625 0.4296875 0.46875 0.4296875 0.4677734375 0.4296875 0.466796875 0.4296875 0.4658203125 0.4296875 0.46484375 0.4296875 0.4638671875 0.4296875 0.462890625 0.4296875 0.4619140625 0.4296875
0 0.3984375 0.4140625 0.3974609375 0.4150390625 0.396484375 0.416015625 0.396484375 0.4169921875 0.396484375 0.41796875 0.396484375 0.4189453125 0.396484375 0.419921875 0.396484375 0.4208984375 0.396484375 0.421875 0.396484375 0.4228515625 0.396484375 0.423828125 0.396484375 0.4248046875 0.396484375 0.42578125 0.396484375 0.4267578125 0.396484375 0.427734375 0.396484375 0.4287109375 0.3974609375 0.4296875 0.3984375 0.4296875 0.3994140625 0.4296875 0.400390625 0.4296875 0.4013671875 0.4296875 0.40234375 0.4296875 0.4033203125 0.4296875 0.404296875 0.4296875 0.4052734375 0.4296875 0.40625 0.4296875 0.4072265625 0.4296875 0.408203125 0.4296875 0.4091796875 0.4296875 0.41015625 0.4296875 0.4111328125 0.4296875 0.412109375 0.4296875 0.412109375 0.4287109375 0.412109375 0.427734375 0.412109375 0.4267578125 0.412109375 0.42578125 0.412109375 0.4248046875 0.412109375 0.423828125 0.412109375 0.4228515625 0.412109375 0.421875 0.412109375 0.4208984375 0.412109375 0.419921875 0.412109375 0.4189453125 0.412109375 0.41796875 0.412109375 0.4169921875 0.412109375 0.416015625 0.412109375 0.4150390625 0.4111328125 0.4140625 0.41015625 0.4140625 0.4091796875 0.4140625 0.408203125 0.4140625 0.4072265625 0.4140625 0.40625 0.4140625 0.4052734375 0.4140625 0.404296875 0.4140625 0.4033203125 0.4140625 0.40234375 0.4140625 0.4013671875 0.4140625 0.400390625 0.4140625 0.3994140625 0.4140625
0 0.6640625 0.3984375 0.6630859375 0.3994140625 0.662109375 0.400390625 0.662109375 0.4013671875 0.662109375 0.40234375 0.662109375 0.4033203125 0.662109375 0.404296875 0.662109375 0.4052734375 0.662109375 0.40625 0.662109375 0.4072265625 0.662109375 0.408203125 0.662109375 0.4091796875 0.662109375 0.41015625 0.662109375 0.4111328125 0.662109375 0.412109375 0.662109375 0.4130859375 0.6630859375 0.4140625 0.6640625 0.4140625 0.6650390625 0.4140625 0.666015625 0.4140625 0.6669921875 0.4140625 0.66796875 0.4140625 0.6689453125 0.4140625 0.669921875 0.4140625 0.6708984375 0.4140625 0.671875 0.4140625 0.6728515625 0.4140625 0.673828125 0.4140625 0.6748046875 0.4140625 0.67578125 0.4140625 0.6767578125 0.4140625 0.677734375 0.4140625 0.677734375 0.4130859375 0.677734375 0.412109375 0.677734375 0.4111328125 0.677734375 0.41015625 0.677734375 0.4091796875 0.677734375 0.408203125 0.677734375 0.4072265625 0.677734375 0.40625 0.677734375 0.4052734375 0.677734375 0.404296875 0.677734375 0.4033203125 0.677734375 0.40234375 0.677734375 0.4013671875 0.677734375 0.400390625 0.677734375 0.3994140625 0.6767578125 0.3984375 0.67578125 0.3984375 0.6748046875 0.3984375 0.673828125 0.3984375 0.6728515625 0.3984375 0.671875 0.3984375 0.6708984375 0.3984375 0.669921875 0.3984375 0.6689453125 0.3984375 0.66796875 0.3984375 0.6669921875 0.3984375 0.666015625 0.3984375 0.6650390625 0.3984375
0 0.3203125 0.3671875 0.3193359375 0.3681640625 0.318359375 0.369140625 0.318359375 0.3701171875 0.318359375 0.37109375 0.318359375 0.3720703125 0.318359375 0.373046875 0.318359375 0.3740234375 0.318359375 0.375 0.318359375 0.3759765625 0.318359375 0.376953125 0.318359375 0.3779296875 0.318359375 0.37890625 0.318359375 0.3798828125 0.318359375 0.380859375 0.318359375 0.3818359375 0.3193359375 0.3828125 0.3203125 0.3828125 0.3212890625 0.3828125 0.322265625 0.3828125 0.3232421875 0.3828125 0.32421875 0.3828125 0.3251953125 0.3828125 0.326171875 0.3828125 0.3271484375 0.3828125 0.328125 0.3828125 0.3291015625 0.3828125 0.330078125 0.3828125 0.3310546875 0.3828125 0.33203125 0.3828125 0.3330078125 0.3828125 0.333984375 0.3828125 0.333984375 0.3818359375 0.333984375 0.380859375 0.333984375 0.3798828125 0.333984375 0.37890625 0.333984375 0.3779296875 0.333984375 0.376953125 0.333984375 0.3759765625 0.333984375 0.375 0.333984375 0.3740234375 0.333984375 0.373046875 0.333984375 0.3720703125 0.333984375 0.37109375 0.333984375 0.3701171875 0.333984375 0.369140625 0.333984375 0.3681640625 0.3330078125 0.3671875 0.33203125 0.3671875 0.3310546875 0.3671875 0.330078125 0.3671875 0.3291015625 0.3671875 0.328125 0.3671875 0.3271484375 0.3671875 0.326171875 0.3671875 0.3251953125 0.3671875 0.32421875 0.3671875 0.3232421875 0.3671875 0.322265625 0.3671875 0.3212890625 0.3671875
