0 0.2060546875 0.7919921875 0.205078125 0.79296875 0.2041015625 0.7939453125 0.2041015625 0.794921875 0.2041015625 0.7958984375 0.2041015625 0.796875 0.2041015625 0.7978515625 0.2041015625 0.798828125 0.2041015625 0.7998046875 0.2041015625 0.80078125 0.2041015625 0.8017578125 0.2041015625 0.802734375 0.2041015625 0.8037109375 0.2041015625 0.8046875 0.2041015625 0.8056640625 0.2041015625 0.806640625 0.205078125 0.8076171875 0.2060546875 0.8076171875 0.20703125 0.8076171875 0.2080078125 0.8076171875 0.208984375 0.8076171875 0.2099609375 0.8076171875 0.2109375 0.8076171875 0.2119140625 0.8076171875 0.212890625 0.8076171875 0.2138671875 0.8076171875 0.21484375 0.8076171875 0.2158203125 0.8076171875 0.216796875 0.8076171875 0.2177734375 0.8076171875 0.21875 0.8076171875 0.2197265625 0.8076171875 0.2197265625 0.806640625 0.2197265625 0.8056640625 0.2197265625 0.8046875 0.2197265625 0.8037109375 0.2197265625 0.802734375 0.2197265625 0.8017578125 0.2197265625 0.80078125 0.2197265625 0.7998046875 0.2197265625 0.798828125 0.2197265625 0.7978515625 0.2197265625 0.796875 0.2197265625 0.7958984375 0.2197265625 0.794921875 0.2197265625 0.7939453125 0.2197265625 0.79296875 0.21875 0.7919921875 0.2177734375 0.7919921875 0.216796875 0.7919921875 0.2158203125 0.7919921875 0.21484375 0.7919921875 0.2138671875 0.7919921875 0.212890625 0.7919921875 0.2119140625 0.7919921875 0.2109375 0.7919921875 0.2099609375 0.7919921875 0.208984375 0.7919921875 0.2080078125 0.7919921875 0.20703125 0.7919921875
0 0.2216796875 0.6982421875 0.220703125 0.69921875 0.2197265625 0.7001953125 0.2197265625 0.701171875 0.2197265625 0.7021484375 0.2197265625 0.703125 0.2197265625 0.7041015625 0.2197265625 0.705078125 0.2197265625 0.7060546875 0.2197265625 0.70703125 0.2197265625 0.7080078125 0.2197265625 0.708984375 0.2197265625 0.7099609375 0.2197265625 0.7109375 0.2197265625 0.7119140625 0.2197265625 0.712890625 0.220703125 0.7138671875 0.2216796875 0.7138671875 0.22265625 0.7138671875 0.2236328125 0.7138671875 0.224609375 0.7138671875 0.2255859375 0.7138671875 0.2265625 0.7138671875 0.2275390625 0.7138671875 0.228515625 0.7138671875 0.2294921875 0.7138671875 0.23046875 0.7138671875 0.2314453125 0.7138671875 0.232421875 0.7138671875 0.2333984375 0.7138671875 0.234375 0.7138671875 0.2353515625 0.7138671875 0.2353515625 0.712890625 0.2353515625 0.7119140625 0.2353515625 0.7109375 0.2353515625 0.7099609375 0.2353515625 0.708984375 0.2353515625 0.7080078125 0.2353515625 0.70703125 0.2353515625 0.7060546875 0.2353515625 0.705078125 0.2353515625 0.7041015625 0.2353515625 0.703125 0.2353515625 0.7021484375 0.2353515625 0.701171875 0.2353515625 0.7001953125 0.2353515625 0.69921875 0.234375 0.6982421875 0.2333984375 0.6982421875 0.232421875 0.6982421875 0.2314453125 0.6982421875 0.23046875 0.6982421875 0.2294921875 0.6982421875 0.228515625 0.6982421875 0.2275390625 0.6982421875 0.2265625 0.6982421875 0.2255859375 0.6982421875 0.224609375 0.6982421875 0.2236328125 0.6982421875 0.22265625 0.6982421875
0 0.8154296875 0.6826171875 0.814453125 0.68359375 0.8134765625 0.6845703125 0.8134765625 0.685546875 0.8134765625 0.6865234375 0.8134765625 0.6875 0.8134765625 0.6884765625 0.8134765625 0.689453125 0.8134765625 0.6904296875 0.8134765625 0.69140625 0.8134765625 0.6923828125 0.8134765625 0.693359375 0.8134765625 0.6943359375 0.8134765625 0.6953125 0.8134765625 0.6962890625 0.8134765625 0.697265625 0.8134765625 0.6982421875 0.8134765625 0.69921875 0.8134765625 0.7001953125 0.8134765625 0.701171875 0.8134765625 0.7021484375 0.8134765625 0.703125 0.8134765625 0.7041015625 0.8134765625 0.705078125 0.8134765625 0.7060546875 0.8134765625 0.70703125 0.8134765625 0.7080078125 0.8134765625 0.708984375 0.8134765625 0.7099609375 0.8134765625 0.7109375 0.8134765625 0.7119140625 0.8134765625 0.712890625 0.814453125 0.7138671875 0.8154296875 0.7138671875 0.81640625 0.7138671875 0.8173828125 0.7138671875 0.818359375 0.7138671875 0.8193359375 0.7138671875 0.8203125 0.7138671875 0.8212890625 0.7138671875 0.822265625 0.7138671875 0.8232421875 0.7138671875 0.82421875 0.7138671875 0.8251953125 0.7138671875 0.826171875 0.7138671875 0.8271484375 0.7138671875 0.828125 0.7138671875 0.8291015625 0.7138671875 0.8291015625 0.712890625 0.8291015625 0.7119140625 0.8291015625 0.7109375 0.8291015625 0.7099609375 0.8291015625 0.708984375 0.8291015625 0.7080078125 0.8291015625 0.70703125 0.8291015625 0.7060546875 0.8291015625 0.705078125 0.8291015625 0.7041015625 0.8291015625 0.703125 0.8291015625 0.7021484375 0.8291015625 0.701171875 0.8291015625 0.7001953125 0.8291015625 0.69921875 0.8291015625 0.6982421875 0.8291015625 0.697265625 0.8291015625 0.6962890625 0.8291015625 0.6953125 0.8291015625 0.6943359375 0.8291015625 0.693359375 0.8291015625 0.6923828125 0.8291015625 0.69140625 0.8291015625 0.6904296875 0.8291015625 0.689453125 0.8291015625 0.6884765625 0.8291015625 0.6875 0.8291015625 0.6865234375 0.8291015625 0.685546875 0.8291015625 0.6845703125 0.8291015625 0.68359375 0.828125 0.6826171875 0.8271484375 0.6826171875 0.826171875 0.6826171875 0.8251953125 0.6826171875 0.82421875 0.6826171875 0.8232421875 0.6826171875 0.822265625 0.6826171875 0.8212890625 0.6826171875 0.8203125 0.6826171875 0.8193359375 0.6826171875 0.818359375 0.6826171875 0.8173828125 0.6826171875 0.81640625 0.6826171875
0 0.1279296875 0.6826171875 0.126953125 0.68359375 0.1259765625 0.6845703125 0.1259765625 0.685546875 0.1259765625 0.6865234375 0.1259765625 0.6875 0.1259765625 0.6884765625 0.1259765625 0.689453125 0.1259765625 0.6904296875 0.1259765625 0.69140625 0.1259765625 0.6923828125 0.1259765625 0.693359375 0.1259765625 0.6943359375 0.1259765625 0.6953125 0.1259765625 0.6962890625 0.1259765625 0.697265625 0.126953125 0.6982421875 0.1279296875 0.6982421875 0.12890625 0.6982421875 0.1298828125 0.6982421875 0.130859375 0.6982421875 0.1318359375 0.6982421875 0.1328125 0.6982421875 0.1337890625 0.6982421875 0.134765625 0.6982421875 0.1357421875 0.6982421875 0.13671875 0.6982421875 0.1376953125 0.6982421875 0.138671875 0.6982421875 0.1396484375 0.6982421875 0.140625 0.6982421875 0.1416015625 0.6982421875 0.1416015625 0.697265625 0.1416015625 0.6962890625 0.1416015625 0.6953125 0.1416015625 0.6943359375 0.1416015625 0.693359375 0.1416015625 0.6923828125 0.1416015625 0.69140625 0.1416015625 0.6904296875 0.1416015625 0.689453125 0.1416015625 0.6884765625 0.1416015625 0.6875 0.1416015625 0.6865234375 0.1416015625 0.685546875 0.1416015625 0.6845703125 0.1416015625 0.68359375 0.140625 0.6826171875 0.1396484375 0.6826171875 0.138671875 0.6826171875 0.1376953125 0.6826171875 0.13671875 0.6826171875 0.1357421875 0.6826171875 0.134765625 0.6826171875 0.1337890625 0.6826171875 0.1328125 0.6826171875 0.1318359375 0.6826171875 0.130859375 0.6826171875 0.1298828125 0.6826171875 0.12890625 0.6826171875
0 0.1279296875 0.6513671875 0.126953125 0.65234375 0.1259765625 0.6533203125 0.1259765625 0.654296875 0.1259765625 0.6552734375 0.1259765625 0.65625 0.1259765625 0.6572265625 0.1259765625 0.658203125 0.1259765625 0.6591796875 0.1259765625 0.66015625 0.1259765625 0.6611328125 0.1259765625 0.662109375 0.1259765625 0.6630859375 0.1259765625 0.6640625 0.1259765625 0.6650390625 0.1259765625 0.666015625 0.126953125 0.6669921875 0.1279296875 0.6669921875 0.12890625 0.6669921875 0.1298828125 0.6669921875 0.130859375 0.6669921875 0.1318359375 0.6669921875 0.1328125 0.6669921875 0.1337890625 0.6669921875 0.134765625 0.6669921875 0.1357421875 0.6669921875 0.13671875 0.6669921875 0.1376953125 0.6669921875 0.138671875 0.6669921875 0.1396484375 0.6669921875 0.140625 0.6669921875 0.1416015625 0.6669921875 0.1416015625 0.666015625 0.1416015625 0.6650390625 0.1416015625 0.6640625 0.1416015625 0.6630859375 0.1416015625 0.662109375 0.1416015625 0.6611328125 0.1416015625 0.66015625 0.1416015625 0.6591796875 0.1416015625 0.658203125 0.1416015625 0.6572265625 0.1416015625 0.65625 0.1416015625 0.6552734375 0.1416015625 0.654296875 0.1416015625 0.6533203125 0.1416015625 0.65234375 0.140625 0.6513671875 0.1396484375 0.6513671875 0.138671875 0.6513671875 0.1376953125 0.6513671875 0.13671875 0.6513671875 0.1357421875 0.6513671875 0.134765625 0.6513671875 0.1337890625 0.6513671875 0.1328125 0.6513671875 0.1318359375 0.6513671875 0.130859375 0.6513671875 0.1298828125 0.6513671875 0.12890625 0.6513671875
0 0.8310546875 0.6357421875 0.830078125 0.63671875 0.8291015625 0.6376953125 0.8291015625 0.638671875 0.8291015625 0.6396484375 0.8291015625 0.640625 0.8291015625 0.6416015625 0.8291015625 0.642578125 0.8291015625 0.6435546875 0.8291015625 0.64453125 0.8291015625 0.6455078125 0.8291015625 0.646484375 0.8291015625 0.6474609375 0.8291015625 0.6484375 0.8291015625 0.6494140625 0.8291015625 0.650390625 0.830078125 0.6513671875 0.8310546875 0.6513671875 0.83203125 0.6513671875 0.8330078125 0.6513671875 0.833984375 0.6513671875 0.8349609375 0.6513671875 0.8359375 0.6513671875 0.8369140625 0.6513671875 0.837890625 0.6513671875 0.8388671875 0.6513671875 0.83984375 0.6513671875 0.8408203125 0.6513671875 0.841796875 0.6513671875 0.8427734375 0.6513671875 0.84375 0.6513671875 0.8447265625 0.6513671875 0.8447265625 0.650390625 0.8447265625 0.6494140625 0.8447265625 0.6484375 0.8447265625 0.6474609375 0.8447265625 0.646484375 0.8447265625 0.6455078125 0.8447265625 0.64453125 0.8447265625 0.6435546875 0.8447265625 0.642578125 0.8447265625 0.6416015625 0.8447265625 0.640625 0.8447265625 0.6396484375 0.8447265625 0.638671875 0.8447265625 0.6376953125 0.8447265625 0.63671875 0.84375 0.6357421875 0.8427734375 0.6357421875 0.841796875 0.6357421875 0.8408203125 0.6357421875 0.83984375 0.6357421875 0.8388671875 0.6357421875 0.837890625 0.6357421875 0.8369140625 0.6357421875 0.8359375 0.6357421875 0.8349609375 0.6357421875 0.833984375 0.6357421875 0.8330078125 0.6357421875 0.83203125 0.6357421875
0 0.2373046875 0.5888671875 0.236328125 0.58984375 0.2353515625 0.5908203125 0.2353515625 0.591796875 0.2353515625 0.5927734375 0.2353515625 0.59375 0.2353515625 0.5947265625 0.2353515625 0.595703125 0.2353515625 0.5966796875 0.2353515625 0.59765625 0.2353515625 0.5986328125 0.2353515625 0.599609375 0.2353515625 0.6005859375 0.2353515625 0.6015625 0.2353515625 0.6025390625 0.2353515625 0.603515625 0.236328125 0.6044921875 0.2373046875 0.6044921875 0.23828125 0.6044921875 0.2392578125 0.6044921875 0.240234375 0.6044921875 0.2412109375 0.6044921875 0.2421875 0.6044921875 0.2431640625 0.6044921875 0.244140625 0.6044921875 0.2451171875 0.6044921875 0.24609375 0.6044921875 0.2470703125 0.6044921875 0.248046875 0.6044921875 0.2490234375 0.6044921875 0.25 0.6044921875 0.2509765625 0.6044921875 0.2509765625 0.603515625 0.2509765625 0.6025390625 0.2509765625 0.6015625 0.2509765625 0.6005859375 0.2509765625 0.599609375 0.2509765625 0.5986328125 0.2509765625 0.59765625 0.2509765625 0.5966796875 0.2509765625 0.595703125 0.2509765625 0.5947265625 0.2509765625 0.59375 0.2509765625 0.5927734375 0.2509765625 0.591796875 0.2509765625 0.5908203125 0.2509765625 0.58984375 0.25 0.5888671875 0.2490234375 0.5888671875 0.248046875 0.5888671875 0.2470703125 0.5888671875 0.24609375 0.5888671875 0.2451171875 0.5888671875 0.244140625 0.5888671875 0.2431640625 0.5888671875 0.2421875 0.5888671875 0.2412109375 0.5888671875 0.240234375 0.5888671875 0.2392578125 0.5888671875 0.23828125 0.5888671875
0 0.5498046875 0.5576171875 0.548828125 0.55859375 0.5478515625 0.5595703125 0.5478515625 0.560546875 0.5478515625 0.5615234375 0.5478515625 0.5625 0.5478515625 0.5634765625 0.5478515625 0.564453125 0.5478515625 0.5654296875 0.5478515625 0.56640625 0.5478515625 0.5673828125 0.5478515625 0.568359375 0.5478515625 0.5693359375 0.5478515625 0.5703125 0.5478515625 0.5712890625 0.5478515625 0.572265625 0.548828125 0.5732421875 0.5498046875 0.5732421875 0.55078125 0.5732421875 0.5517578125 0.5732421875 0.552734375 0.5732421875 0.5537109375 0.5732421875 0.5546875 0.5732421875 0.5556640625 0.5732421875 0.556640625 0.5732421875 0.5576171875 0.5732421875 0.55859375 0.5732421875 0.5595703125 0.5732421875 0.560546875 0.5732421875 0.5615234375 0.5732421875 0.5625 0.5732421875 0.5634765625 0.5732421875 0.5634765625 0.572265625 0.5634765625 0.5712890625 0.5634765625 0.5703125 0.5634765625 0.5693359375 0.5634765625 0.568359375 0.5634765625 0.5673828125 0.5634765625 0.56640625 0.5634765625 0.5654296875 0.5634765625 0.564453125 0.5634765625 0.5634765625 0.5634765625 0.5625 0.5634765625 0.5615234375 0.5634765625 0.560546875 0.5634765625 0.5595703125 0.5634765625 0.55859375 0.5625 0.5576171875 0.5615234375 0.5576171875 0.560546875 0.5576171875 0.5595703125 0.5576171875 0.55859375 0.5576171875 0.5576171875 0.5576171875 0.556640625 0.5576171875 0.5556640625 0.5576171875 0.5546875 0.5576171875 0.5537109375 0.5576171875 0.552734375 0.5576171875 0.5517578125 0.5576171875 0.55078125 0.5576171875
0 0.4716796875 0.5576171875 0.470703125 0.55859375 0.4697265625 0.5595703125 0.4697265625 0.560546875 0.4697265625 0.5615234375 0.4697265625 0.5625 0.4697265625 0.5634765625 0.4697265625 0.564453125 0.4697265625 0.5654296875 0.4697265625 0.56640625 0.4697265625 0.5673828125 0.4697265625 0.568359375 0.4697265625 0.5693359375 0.4697265625 0.5703125 0.4697265625 0.5712890625 0.4697265625 0.572265625 0.470703125 0.5732421875 0.4716796875 0.5732421875 0.47265625 0.5732421875 0.4736328125 0.5732421875 0.474609375 0.5732421875 0.4755859375 0.5732421875 0.4765625 0.5732421875 0.4775390625 0.5732421875 0.478515625 0.5732421875 0.4794921875 0.5732421875 0.48046875 0.5732421875 0.4814453125 0.5732421875 0.482421875 0.5732421875 0.4833984375 0.5732421875 0.484375 0.5732421875 0.4853515625 0.5732421875 0.4853515625 0.572265625 0.4853515625 0.5712890625 0.4853515625 0.5703125 0.4853515625 0.5693359375 0.4853515625 0.568359375 0.4853515625 0.5673828125 0.4853515625 0.56640625 0.4853515625 0.5654296875 0.4853515625 0.564453125 0.4853515625 0.5634765625 0.4853515625 0.5625 0.4853515625 0.5615234375 0.4853515625 0.560546875 0.4853515625 0.5595703125 0.4853515625 0.55859375 0.484375 0.5576171875 0.4833984375 0.5576171875 0.482421875 0.5576171875 0.4814453125 0.5576171875 0.48046875 0.5576171875 0.4794921875 0.5576171875 0.478515625 0.5576171875 0.4775390625 0.5576171875 0.4765625 0.5576171875 0.4755859375 0.5576171875 0.474609375 0.5576171875 0.4736328125 0.5576171875 0.47265625 0.5576171875
0 0.3466796875 0.4326171875 0.345703125 0.43359375 0.3447265625 0.4345703125 0.3447265625 0.435546875 0.3447265625 0.4365234375 0.3447265625 0.4375 0.3447265625 0.4384765625 0.3447265625 0.439453125 0.3447265625 0.4404296875 0.3447265625 0.44140625 0.3447265625 0.4423828125 0.3447265625 0.443359375 0.3447265625 0.4443359375 0.3447265625 0.4453125 0.3447265625 0.4462890625 0.3447265625 0.447265625 0.345703125 0.4482421875 0.3466796875 0.4482421875 0.34765625 0.4482421875 0.3486328125 0.4482421875 0.349609375 0.4482421875 0.3505859375 0.4482421875 0.3515625 0.4482421875 0.3525390625 0.4482421875 0.353515625 0.4482421875 0.3544921875 0.4482421875 0.35546875 0.4482421875 0.3564453125 0.4482421875 0.357421875 0.4482421875 0.3583984375 0.4482421875 0.359375 0.4482421875 0.3603515625 0.4482421875 0.3603515625 0.447265625 0.3603515625 0.4462890625 0.3603515625 0.4453125 0.3603515625 0.4443359375 0.3603515625 0.443359375 0.3603515625 0.4423828125 0.3603515625 0.44140625 0.3603515625 0.4404296875 0.3603515625 0.439453125 0.3603515625 0.4384765625 0.3603515625 0.4375 0.3603515625 0.4365234375 0.3603515625 0.435546875 0.3603515625 0.4345703125 0.3603515625 0.43359375 0.359375 0.4326171875 0.3583984375 0.4326171875 0.357421875 0.4326171875 0.3564453125 0.4326171875 0.35546875 0.4326171875 0.3544921875 0.4326171875 0.353515625 0.4326171875 0.3525390625 0.4326171875 0.3515625 0.4326171875 0.3505859375 0.4326171875 0.349609375 0.4326171875 0.3486328125 0.4326171875 0.34765625 0.4326171875
0 0.4873046875 0.4169921875 0.486328125 0.41796875 0.4853515625 0.4189453125 0.4853515625 0.419921875 0.4853515625 0.4208984375 0.4853515625 0.421875 0.4853515625 0.4228515625 0.4853515625 0.423828125 0.4853515625 0.4248046875 0.4853515625 0.42578125 0.4853515625 0.4267578125 0.4853515625 0.427734375 0.4853515625 0.4287109375 0.4853515625 0.4296875 0.4853515625 0.4306640625 0.4853515625 0.431640625 0.484375 0.4326171875 0.4833984375 0.4326171875 0.482421875 0.4326171875 0.4814453125 0.4326171875 0.48046875 0.4326171875 0.4794921875 0.4326171875 0.478515625 0.4326171875 0.4775390625 0.4326171875 0.4765625 0.4326171875 0.4755859375 0.4326171875 0.474609375 0.4326171875 0.4736328125 0.4326171875 0.47265625 0.4326171875 0.4716796875 0.4326171875 0.470703125 0.43359375 0.4697265625 0.4345703125 0.4697265625 0.435546875 0.4697265625 0.4365234375 0.4697265625 0.4375 0.4697265625 0.4384765625 0.4697265625 0.439453125 0.4697265625 0.4404296875 0.4697265625 0.44140625 0.4697265625 0.4423828125 0.4697265625 0.443359375 0.4697265625 0.4443359375 0.4697265625 0.4453125 0.4697265625 0.4462890625 0.4697265625 0.447265625 0.470703125 0.4482421875 0.4716796875 0.4482421875 0.47265625 0.4482421875 0.4736328125 0.4482421875 0.474609375 0.4482421875 0.4755859375 0.4482421875 0.4765625 0.4482421875 0.4775390625 0.4482421875 0.478515625 0.4482421875 0.4794921875 0.4482421875 0.48046875 0.4482421875 0.4814453125 0.4482421875 0.482421875 0.4482421875 0.4833984375 0.4482421875 0.484375 0.4482421875 0.4853515625 0.4482421875 0.4853515625 0.447265625 0.4853515625 0.4462890625 0.4853515625 0.4453125 0.4853515625 0.4443359375 0.4853515625 0.443359375 0.4853515625 0.4423828125 0.4853515625 0.44140625 0.4853515625 0.4404296875 0.4853515625 0.439453125 0.4853515625 0.4384765625 0.4853515625 0.4375 0.4853515625 0.4365234375 0.4853515625 0.435546875 0.4853515625 0.4345703125 0.4853515625 0.435546875 0.4853515625 0.4365234375 0.4853515625 0.4375 0.4853515625 0.4384765625 0.4853515625 0.439453125 0.4853515625 0.4404296875 0.4853515625 0.44140625 0.4853515625 0.4423828125 0.4853515625 0.443359375 0.4853515625 0.4443359375 0.4853515625 0.4453125 0.4853515625 0.4462890625 0.4853515625 0.447265625 0.484375 0.4482421875 0.4833984375 0.4482421875 0.482421875 0.4482421875 0.4814453125 0.4482421875 0.48046875 0.4482421875 0.4794921875 0.4482421875 0.478515625 0.4482421875 0.4775390625 0.4482421875 0.4765625 0.4482421875 0.4755859375 0.4482421875 0.474609375 0.4482421875 0.4736328125 0.4482421875 0.47265625 0.4482421875 0.4716796875 0.4482421875 0.470703125 0.4482421875 0.4697265625 0.447265625 0.4697265625 0.4462890625 0.4697265625 0.4453125 0.4697265625 0.4443359375 0.4697265625 0.443359375 0.4697265625 0.4423828125 0.4697265625 0.44140625 0.4697265625 0.4404296875 0.4697265625 0.439453125 0.4697265625 0.4384765625 0.4697265625 0.4375 0.4697265625 0.4365234375 0.4697265625 0.435546875 0.4697265625 0.4345703125 0.470703125 0.43359375 0.4716796875 0.4326171875 0.47265625 0.4326171875 0.4736328125 0.4326171875 0.474609375 0.4326171875 0.4755859375 0.4326171875 0.4765625 0.4326171875 0.4775390625 0.4326171875 0.478515625 0.4326171875 0.4794921875 0.4326171875 0.48046875 0.4326171875 0.4814453125 0.4326171875 0.482421875 0.4326171875 0.4833984375 0.4326171875 0.484375 0.4326171875 0.4853515625 0.431640625 0.4853515625 0.4306640625 0.4853515625 0.4296875 0.4853515625 0.4287109375 0.4853515625 0.427734375 0.4853515625 0.4267578125 0.4853515625 0.42578125 0.4853515625 0.4248046875 0.4853515625 0.423828125 0.4853515625 0.4228515625 0.4853515625 0.421875 0.4853515625 0.4208984375 0.4853515625 0.419921875 0.4853515625 0.4189453125 0.486328125 0.41796875 0.4873046875 0.4169921875 0.48828125 0.4169921875 0.4892578125 0.4169921875 0.490234375 0.4169921875 0.4912109375 0.4169921875 0.4921875 0.4169921875 0.4931640625 0.4169921875 0.494140625 0.4169921875 0.4951171875 0.4169921875 0.49609375 0.4169921875 0.4970703125 0.4169921875 0.498046875 0.4169921875 0.4990234375 0.4169921875 0.5 0.4169921875 0.5009765625 0.41796875 0.5009765625 0.4189453125 0.5009765625 0.419921875 0.5009765625 0.4208984375 0.5009765625 0.421875 0.5009765625 0.4228515625 0.5009765625 0.423828125 0.5009765625 0.4248046875 0.5009765625 0.42578125 0.5009765625 0.4267578125 0.5009765625 0.427734375 0.5009765625 0.4287109375 0.5009765625 0.4296875 0.5009765625 0.4306640625 0.5009765625 0.431640625 0.5 0.4326171875 0.4990234375 0.4326171875 0.498046875 0.4326171875 0.4970703125 0.4326171875 0.49609375 0.4326171875 0.4951171875 0.4326171875 0.494140625 0.4326171875 0.4931640625 0.4326171875 0.4921875 0.4326171875 0.4912109375 0.4326171875 0.490234375 0.4326171875 0.4892578125 0.4326171875 0.48828125 0.4326171875 0.4873046875 0.4326171875 0.48828125 0.4326171875 0.4892578125 0.4326171875 0.490234375 0.4326171875 0.4912109375 0.4326171875 0.4921875 0.4326171875 0.4931640625 0.4326171875 0.494140625 0.4326171875 0.4951171875 0.4326171875 0.49609375 0.4326171875 0.4970703125 0.4326171875 0.498046875 0.4326171875 0.4990234375 0.4326171875 0.5 0.4326171875 0.5009765625 0.4326171875 0.5009765625 0.431640625 0.5009765625 0.4306640625 0.5009765625 0.4296875 0.5009765625 0.4287109375 0.5009765625 0.427734375 0.5009765625 0.4267578125 0.5009765625 0.42578125 0.5009765625 0.4248046875 0.5009765625 0.423828125 0.5009765625 0.4228515625 0.5009765625 0.421875 0.5009765625 0.4208984375 0.5009765625 0.419921875 0.5009765625 0.4189453125 0.5009765625 0.41796875 0.5 0.4169921875 0.4990234375 0.4169921875 0.498046875 0.4169921875 0.4970703125 0.4169921875 0.49609375 0.4169921875 0.4951171875 0.4169921875 0.494140625 0.4169921875 0.4931640625 0.4169921875 0.4921875 0.4169921875 0.4912109375 0.4169921875 0.490234375 0.4169921875 0.4892578125 0.4169921875 0.48828125 0.4169921875
0 0.7685546875 0.3232421875 0.767578125 0.32421875 0.7666015625 0.3251953125 0.7666015625 0.326171875 0.7666015625 0.3271484375 0.7666015625 0.328125 0.7666015625 0.3291015625 0.7666015625 0.330078125 0.7666015625 0.3310546875 0.7666015625 0.33203125 0.7666015625 0.3330078125 0.7666015625 0.333984375 0.7666015625 0.3349609375 0.7666015625 0.3359375 0.7666015625 0.3369140625 0.7666015625 0.337890625 0.767578125 0.3388671875 0.7685546875 0.3388671875 0.76953125 0.3388671875 0.7705078125 0.3388671875 0.771484375 0.3388671875 0.7724609375 0.3388671875 0.7734375 0.3388671875 0.7744140625 0.3388671875 0.775390625 0.3388671875 0.7763671875 0.3388671875 0.77734375 0.3388671875 0.7783203125 0.3388671875 0.779296875 0.3388671875 0.7802734375 0.3388671875 0.78125 0.3388671875 0.7822265625 0.3388671875 0.7822265625 0.337890625 0.7822265625 0.3369140625 0.7822265625 0.3359375 0.7822265625 0.3349609375 0.7822265625 0.333984375 0.7822265625 0.3330078125 0.7822265625 0.33203125 0.7822265625 0.3310546875 0.7822265625 0.330078125 0.7822265625 0.3291015625 0.7822265625 0.328125 0.7822265625 0.3271484375 0.7822265625 0.326171875 0.7822265625 0.3251953125 0.7822265625 0.32421875 0.78125 0.3232421875 0.7802734375 0.3232421875 0.779296875 0.3232421875 0.7783203125 0.3232421875 0.77734375 0.3232421875 0.7763671875 0.3232421875 0.775390625 0.3232421875 0.7744140625 0.3232421875 0.7734375 0.3232421875 0.7724609375 0.3232421875 0.771484375 0.3232421875 0.7705078125 0.3232421875 0.76953125 0.3232421875
0 0.9091796875 0.2607421875 0.908203125 0.26171875 0.9072265625 0.2626953125 0.9072265625 0.263671875 0.9072265625 0.2646484375 0.9072265625 0.265625 0.9072265625 0.2666015625 0.9072265625 0.267578125 0.9072265625 0.2685546875 0.9072265625 0.26953125 0.9072265625 0.2705078125 0.9072265625 0.271484375 0.9072265625 0.2724609375 0.9072265625 0.2734375 0.9072265625 0.2744140625 0.9072265625 0.275390625 0.908203125 0.2763671875 0.9091796875 0.2763671875 0.91015625 0.2763671875 0.9111328125 0.2763671875 0.912109375 0.2763671875 0.9130859375 0.2763671875 0.9140625 0.2763671875 0.9150390625 0.2763671875 0.916015625 0.2763671875 0.9169921875 0.2763671875 0.91796875 0.2763671875 0.9189453125 0.2763671875 0.919921875 0.2763671875 0.9208984375 0.2763671875 0.921875 0.2763671875 0.9228515625 0.2763671875 0.9228515625 0.275390625 0.9228515625 0.2744140625 0.9228515625 0.2734375 0.9228515625 0.2724609375 0.9228515625 0.271484375 0.9228515625 0.2705078125 0.9228515625 0.26953125 0.9228515625 0.2685546875 0.9228515625 0.267578125 0.9228515625 0.2666015625 0.9228515625 0.265625 0.9228515625 0.2646484375 0.9228515625 0.263671875 0.9228515625 0.2626953125 0.9228515625 0.26171875 0.921875 0.2607421875 0.9208984375 0.2607421875 0.919921875 0.2607421875 0.9189453125 0.2607421875 0.91796875 0.2607421875 0.9169921875 0.2607421875 0.916015625 0.2607421875 0.9150390625 0.2607421875 0.9140625 0.2607421875 0.9130859375 0.2607421875 0.912109375 0.2607421875 0.9111328125 0.2607421875 0.91015625 0.2607421875
0 0.4716796875 0.2294921875 0.470703125 0.23046875 0.4697265625 0.2314453125 0.4697265625 0.232421875 0.4697265625 0.2333984375 0.4697265625 0.234375 0.4697265625 0.2353515625 0.4697265625 0.236328125 0.4697265625 0.2373046875 0.4697265625 0.23828125 0.4697265625 0.2392578125 0.4697265625 0.240234375 0.4697265625 0.2412109375 0.4697265625 0.2421875 0.4697265625 0.2431640625 0.4697265625 0.244140625 0.470703125 0.2451171875 0.4716796875 0.2451171875 0.47265625 0.2451171875 0.4736328125 0.2451171875 0.474609375 0.2451171875 0.4755859375 0.2451171875 0.4765625 0.2451171875 0.4775390625 0.2451171875 0.478515625 0.2451171875 0.4794921875 0.2451171875 0.48046875 0.2451171875 0.4814453125 0.2451171875 0.482421875 0.2451171875 0.4833984375 0.2451171875 0.484375 0.2451171875 0.4853515625 0.2451171875 0.4853515625 0.244140625 0.4853515625 0.2431640625 0.4853515625 0.2421875 0.4853515625 0.2412109375 0.4853515625 0.240234375 0.4853515625 0.2392578125 0.4853515625 0.23828125 0.4853515625 0.2373046875 0.4853515625 0.236328125 0.4853515625 0.2353515625 0.4853515625 0.234375 0.4853515625 0.2333984375 0.4853515625 0.232421875 0.4853515625 0.2314453125 0.4853515625 0.23046875 0.484375 0.2294921875 0.4833984375 0.2294921875 0.482421875 0.2294921875 0.4814453125 0.2294921875 0.48046875 0.2294921875 0.4794921875 0.2294921875 0.478515625 0.2294921875 0.4775390625 0.2294921875 0.4765625 0.2294921875 0.4755859375 0.2294921875 0.474609375 0.2294921875 0.4736328125 0.2294921875 0.47265625 0.2294921875
0 0.9873046875 0.1669921875 0.986328125 0.16796875 0.9853515625 0.1689453125 0.9853515625 0.169921875 0.9853515625 0.1708984375 0.9853515625 0.171875 0.9853515625 0.1728515625 0.9853515625 0.173828125 0.9853515625 0.1748046875 0.9853515625 0.17578125 0.9853515625 0.1767578125 0.9853515625 0.177734375 0.9853515625 0.1787109375 0.9853515625 0.1796875 0.9853515625 0.1806640625 0.9853515625 0.181640625 0.986328125 0.1826171875 0.9873046875 0.1826171875 0.98828125 0.1826171875 0.9892578125 0.1826171875 0.990234375 0.1826171875 0.9912109375 0.1826171875 0.9921875 0.1826171875 0.9931640625 0.1826171875 0.994140625 0.1826171875 0.9951171875 0.1826171875 0.99609375 0.1826171875 0.9970703125 0.1826171875 0.998046875 0.1826171875 0.9990234375 0.1826171875 0.998046875 0.1826171875 0.9970703125 0.1826171875 0.99609375 0.1826171875 0.9951171875 0.1826171875 0.994140625 0.1826171875 0.9931640625 0.1826171875 0.9921875 0.1826171875 0.9912109375 0.1826171875 0.990234375 0.1826171875 0.9892578125 0.1826171875 0.98828125 0.1826171875 0.9873046875 0.1826171875 0.986328125 0.1826171875 0.9853515625 0.181640625 0.9853515625 0.1806640625 0.9853515625 0.1796875 0.9853515625 0.1787109375 0.9853515625 0.177734375 0.9853515625 0.1767578125 0.9853515625 0.17578125 0.9853515625 0.1748046875 0.9853515625 0.173828125 0.9853515625 0.1728515625 0.9853515625 0.171875 0.9853515625 0.1708984375 0.9853515625 0.169921875 0.9853515625 0.1689453125 0.986328125 0.16796875 0.9873046875 0.1669921875 0.98828125 0.1669921875 0.9892578125 0.1669921875 0.990234375 0.1669921875 0.9912109375 0.1669921875 0.9921875 0.1669921875 0.9931640625 0.1669921875 0.994140625 0.1669921875 0.9951171875 0.1669921875 0.99609375 0.1669921875 0.9970703125 0.1669921875 0.998046875 0.1669921875 0.9990234375 0.1669921875 0.998046875 0.1669921875 0.9970703125 0.1669921875 0.99609375 0.1669921875 0.9951171875 0.1669921875 0.994140625 0.1669921875 0.9931640625 0.1669921875 0.9921875 0.1669921875 0.9912109375 0.1669921875 0.990234375 0.1669921875 0.9892578125 0.1669921875 0.98828125 0.1669921875
0 0.7841796875 0.1513671875 0.783203125 0.15234375 0.7822265625 0.1533203125 0.7822265625 0.154296875 0.7822265625 0.1552734375 0.7822265625 0.15625 0.7822265625 0.1572265625 0.7822265625 0.158203125 0.7822265625 0.1591796875 0.7822265625 0.16015625 0.7822265625 0.1611328125 0.7822265625 0.162109375 0.7822265625 0.1630859375 0.7822265625 0.1640625 0.7822265625 0.1650390625 0.7822265625 0.166015625 0.783203125 0.1669921875 0.7841796875 0.1669921875 0.78515625 0.1669921875 0.7861328125 0.1669921875 0.787109375 0.1669921875 0.7880859375 0.1669921875 0.7890625 0.1669921875 0.7900390625 0.1669921875 0.791015625 0.1669921875 0.7919921875 0.1669921875 0.79296875 0.1669921875 0.7939453125 0.1669921875 0.794921875 0.1669921875 0.7958984375 0.1669921875 0.796875 0.1669921875 0.7978515625 0.1669921875 0.7978515625 0.166015625 0.7978515625 0.1650390625 0.7978515625 0.1640625 0.7978515625 0.1630859375 0.7978515625 0.162109375 0.7978515625 0.1611328125 0.7978515625 0.16015625 0.7978515625 0.1591796875 0.7978515625 0.158203125 0.7978515625 0.1572265625 0.7978515625 0.15625 0.7978515625 0.1552734375 0.7978515625 0.154296875 0.7978515625 0.1533203125 0.7978515625 0.15234375 0.796875 0.1513671875 0.7958984375 0.1513671875 0.794921875 0.1513671875 0.7939453125 0.1513671875 0.79296875 0.1513671875 0.7919921875 0.1513671875 0.791015625 0.1513671875 0.7900390625 0.1513671875 0.7890625 0.1513671875 0.7880859375 0.1513671875 0.787109375 0.1513671875 0.7861328125 0.1513671875 0.78515625 0.1513671875
0 0.5029296875 0.0888671875 0.50390625 0.0888671875 0.5048828125 0.0888671875 0.505859375 0.0888671875 0.5068359375 0.0888671875 0.5078125 0.0888671875 0.5087890625 0.0888671875 0.509765625 0.0888671875 0.5107421875 0.0888671875 0.51171875 0.0888671875 0.5126953125 0.0888671875 0.513671875 0.0888671875 0.5146484375 0.0888671875 0.515625 0.0888671875 0.5166015625 0.08984375 0.5166015625 0.0908203125 0.5166015625 0.091796875 0.5166015625 0.0927734375 0.5166015625 0.09375 0.5166015625 0.0947265625 0.5166015625 0.095703125 0.5166015625 0.0966796875 0.5166015625 0.09765625 0.5166015625 0.0986328125 0.5166015625 0.099609375 0.5166015625 0.1005859375 0.5166015625 0.1015625 0.5166015625 0.1025390625 0.5166015625 0.103515625 0.515625 0.1044921875 0.5146484375 0.1044921875 0.513671875 0.1044921875 0.5126953125 0.1044921875 0.51171875 0.1044921875 0.5107421875 0.1044921875 0.509765625 0.1044921875 0.5087890625 0.1044921875 0.5078125 0.1044921875 0.5068359375 0.1044921875 0.505859375 0.1044921875 0.5048828125 0.1044921875 0.50390625 0.1044921875 0.5029296875 0.1044921875 0.501953125 0.1044921875 0.5009765625 0.103515625 0.5009765625 0.1025390625 0.5009765625 0.1015625 0.5009765625 0.1005859375 0.5009765625 0.099609375 0.5009765625 0.0986328125 0.5009765625 0.09765625 0.5009765625 0.0966796875 0.5009765625 0.095703125 0.5009765625 0.0947265625 0.5009765625 0.09375 0.5009765625 0.0927734375 0.5009765625 0.091796875 0.5009765625 0.0908203125 0.5009765625 0.091796875 0.5009765625 0.0927734375 0.5009765625 0.09375 0.5009765625 0.0947265625 0.5009765625 0.095703125 0.5009765625 0.0966796875 0.5009765625 0.09765625 0.5009765625 0.0986328125 0.5009765625 0.099609375 0.5009765625 0.1005859375 0.5009765625 0.1015625 0.5009765625 0.1025390625 0.5009765625 0.103515625 0.501953125 0.1044921875 0.5029296875 0.1044921875 0.50390625 0.1044921875 0.5048828125 0.1044921875 0.505859375 0.1044921875 0.5068359375 0.1044921875 0.5078125 0.1044921875 0.5087890625 0.1044921875 0.509765625 0.1044921875 0.5107421875 0.1044921875 0.51171875 0.1044921875 0.5126953125 0.1044921875 0.513671875 0.1044921875 0.5146484375 0.1044921875 0.515625 0.1044921875 0.5166015625 0.1044921875 0.5166015625 0.103515625 0.5166015625 0.1025390625 0.5166015625 0.1015625 0.5166015625 0.1005859375 0.5166015625 0.099609375 0.5166015625 0.0986328125 0.5166015625 0.09765625 0.5166015625 0.0966796875 0.5166015625 0.095703125 0.5166015625 0.0947265625 0.5166015625 0.09375 0.5166015625 0.0927734375 0.5166015625 0.091796875 0.5166015625 0.0908203125 0.5166015625 0.08984375 0.515625 0.0888671875 0.5146484375 0.0888671875 0.513671875 0.0888671875 0.5126953125 0.0888671875 0.51171875 0.0888671875 0.5107421875 0.0888671875 0.509765625 0.0888671875 0.5087890625 0.0888671875 0.5078125 0.0888671875 0.5068359375 0.0888671875 0.505859375 0.0888671875 0.5048828125 0.0888671875 0.50390625 0.0888671875
0 0.4873046875 0.0732421875 0.486328125 0.07421875 0.4853515625 0.0751953125 0.4853515625 0.076171875 0.4853515625 0.0771484375 0.4853515625 0.078125 0.4853515625 0.0791015625 0.4853515625 0.080078125 0.4853515625 0.0810546875 0.4853515625 0.08203125 0.4853515625 0.0830078125 0.4853515625 0.083984375 0.4853515625 0.0849609375 0.4853515625 0.0859375 0.4853515625 0.0869140625 0.4853515625 0.087890625 0.486328125 0.0888671875 0.4873046875 0.0888671875 0.48828125 0.0888671875 0.4892578125 0.0888671875 0.490234375 0.0888671875 0.4912109375 0.0888671875 0.4921875 0.0888671875 0.4931640625 0.0888671875 0.494140625 0.0888671875 0.4951171875 0.0888671875 0.49609375 0.0888671875 0.4970703125 0.0888671875 0.498046875 0.0888671875 0.4990234375 0.0888671875 0.5 0.0888671875 0.5009765625 0.087890625 0.5009765625 0.0869140625 0.5009765625 0.0859375 0.5009765625 0.0849609375 0.5009765625 0.083984375 0.5009765625 0.0830078125 0.5009765625 0.08203125 0.5009765625 0.0810546875 0.5009765625 0.080078125 0.5009765625 0.0791015625 0.5009765625 0.078125 0.5009765625 0.0771484375 0.5009765625 0.076171875 0.5009765625 0.0751953125 0.5009765625 0.07421875 0.5 0.0732421875 0.4990234375 0.0732421875 0.498046875 0.0732421875 0.4970703125 0.0732421875 0.49609375 0.0732421875 0.4951171875 0.0732421875 0.494140625 0.0732421875 0.4931640625 0.0732421875 0.4921875 0.0732421875 0.4912109375 0.0732421875 0.490234375 0.0732421875 0.4892578125 0.0732421875 0.48828125 0.0732421875
0 0.8466796875 0.0107421875 0.845703125 0.01171875 0.8447265625 0.0126953125 0.8447265625 0.013671875 0.8447265625 0.0146484375 0.8447265625 0.015625 0.8447265625 0.0166015625 0.8447265625 0.017578125 0.8447265625 0.0185546875 0.8447265625 0.01953125 0.8447265625 0.0205078125 0.8447265625 0.021484375 0.8447265625 0.0224609375 0.8447265625 0.0234375 0.8447265625 0.0244140625 0.8447265625 0.025390625 0.845703125 0.0263671875 0.8466796875 0.0263671875 0.84765625 0.0263671875 0.8486328125 0.0263671875 0.849609375 0.0263671875 0.8505859375 0.0263671875 0.8515625 0.0263671875 0.8525390625 0.0263671875 0.853515625 0.0263671875 0.8544921875 0.0263671875 0.85546875 0.0263671875 0.8564453125 0.0263671875 0.857421875 0.0263671875 0.8583984375 0.0263671875 0.859375 0.0263671875 0.8603515625 0.0263671875 0.8603515625 0.025390625 0.8603515625 0.0244140625 0.8603515625 0.0234375 0.8603515625 0.0224609375 0.8603515625 0.021484375 0.8603515625 0.0205078125 0.8603515625 0.01953125 0.8603515625 0.0185546875 0.8603515625 0.017578125 0.8603515625 0.0166015625 0.8603515625 0.015625 0.8603515625 0.0146484375 0.8603515625 0.013671875 0.8603515625 0.0126953125 0.8603515625 0.01171875 0.859375 0.0107421875 0.8583984375 0.0107421875 0.857421875 0.0107421875 0.8564453125 0.0107421875 0.85546875 0.0107421875 0.8544921875 0.0107421875 0.853515625 0.0107421875 0.8525390625 0.0107421875 0.8515625 0.0107421875 0.8505859375 0.0107421875 0.849609375 0.0107421875 0.8486328125 0.0107421875 0.84765625 0.0107421875
0 0.7685546875 0.0107421875 0.767578125 0.01171875 0.7666015625 0.0126953125 0.7666015625 0.013671875 0.7666015625 0.0146484375 0.7666015625 0.015625 0.7666015625 0.0166015625 0.7666015625 0.017578125 0.7666015625 0.0185546875 0.7666015625 0.01953125 0.7666015625 0.0205078125 0.7666015625 0.021484375 0.7666015625 0.0224609375 0.7666015625 0.0234375 0.7666015625 0.0244140625 0.7666015625 0.025390625 0.767578125 0.0263671875 0.7685546875 0.0263671875 0.76953125 0.0263671875 0.7705078125 0.0263671875 0.771484375 0.0263671875 0.7724609375 0.0263671875 0.7734375 0.0263671875 0.7744140625 0.0263671875 0.775390625 0.0263671875 0.7763671875 0.0263671875 0.77734375 0.0263671875 0.7783203125 0.0263671875 0.779296875 0.0263671875 0.7802734375 0.0263671875 0.78125 0.0263671875 0.7822265625 0.0263671875 0.7822265625 0.025390625 0.7822265625 0.0244140625 0.7822265625 0.0234375 0.7822265625 0.0224609375 0.7822265625 0.021484375 0.7822265625 0.0205078125 0.7822265625 0.01953125 0.7822265625 0.0185546875 0.7822265625 0.017578125 0.7822265625 0.0166015625 0.7822265625 0.015625 0.7822265625 0.0146484375 0.7822265625 0.013671875 0.7822265625 0.0126953125 0.7822265625 0.01171875 0.78125 0.0107421875 0.7802734375 0.0107421875 0.779296875 0.0107421875 0.7783203125 0.0107421875 0.77734375 0.0107421875 0.7763671875 0.0107421875 0.775390625 0.0107421875 0.7744140625 0.0107421875 0.7734375 0.0107421875 0.7724609375 0.0107421875 0.771484375 0.0107421875 0.7705078125 0.0107421875 0.76953125 0.0107421875
0 0.7353515625 0.0 0.7353515625 0.0009765625 0.7353515625 0.001953125 0.7353515625 0.0029296875 0.7353515625 0.00390625 0.7353515625 0.0048828125 0.7353515625 0.005859375 0.7353515625 0.0068359375 0.7353515625 0.0078125 0.7353515625 0.0087890625 0.7353515625 0.009765625 0.736328125 0.0107421875 0.7373046875 0.0107421875 0.73828125 0.0107421875 0.7392578125 0.0107421875 0.740234375 0.0107421875 0.7412109375 0.0107421875 0.7421875 0.0107421875 0.7431640625 0.0107421875 0.744140625 0.0107421875 0.7451171875 0.0107421875 0.74609375 0.0107421875 0.7470703125 0.0107421875 0.748046875 0.0107421875 0.7490234375 0.0107421875 0.75 0.0107421875 0.7509765625 0.0107421875 0.7509765625 0.009765625 0.7509765625 0.0087890625 0.7509765625 0.0078125 0.7509765625 0.0068359375 0.7509765625 0.005859375 0.7509765625 0.0048828125 0.7509765625 0.00390625 0.7509765625 0.0029296875 0.7509765625 0.001953125 0.7509765625 0.0009765625 0.7509765625 0.0 0.7509765625 0.0009765625 0.7509765625 0.001953125 0.7509765625 0.0029296875 0.7509765625 0.00390625 0.7509765625 0.0048828125 0.7509765625 0.005859375 0.7509765625 0.0068359375 0.7509765625 0.0078125 0.7509765625 0.0087890625 0.7509765625 0.009765625 0.75 0.0107421875 0.7490234375 0.0107421875 0.748046875 0.0107421875 0.7470703125 0.0107421875 0.74609375 0.0107421875 0.7451171875 0.0107421875 0.744140625 0.0107421875 0.7431640625 0.0107421875 0.7421875 0.0107421875 0.7412109375 0.0107421875 0.740234375 0.0107421875 0.7392578125 0.0107421875 0.73828125 0.0107421875 0.7373046875 0.0107421875 0.736328125 0.0107421875 0.7353515625 0.009765625 0.7353515625 0.0087890625 0.7353515625 0.0078125 0.7353515625 0.0068359375 0.7353515625 0.005859375 0.7353515625 0.0048828125 0.7353515625 0.00390625 0.7353515625 0.0029296875 0.7353515625 0.001953125 0.7353515625 0.0009765625
