0 0.19140625 0.966796875 0.1904296875 0.9677734375 0.189453125 0.96875 0.189453125 0.9697265625 0.189453125 0.970703125 0.189453125 0.9716796875 0.189453125 0.97265625 0.189453125 0.9736328125 0.189453125 0.974609375 0.189453125 0.9755859375 0.189453125 0.9765625 0.189453125 0.9775390625 0.189453125 0.978515625 0.189453125 0.9794921875 0.189453125 0.98046875 0.189453125 0.9814453125 0.1904296875 0.982421875 0.19140625 0.982421875 0.1923828125 0.982421875 0.193359375 0.982421875 0.1943359375 0.982421875 0.1953125 0.982421875 0.1962890625 0.982421875 0.197265625 0.982421875 0.1982421875 0.982421875 0.19921875 0.982421875 0.2001953125 0.982421875 0.201171875 0.982421875 0.2021484375 0.982421875 0.203125 0.982421875 0.2041015625 0.982421875 0.205078125 0.982421875 0.205078125 0.9814453125 0.205078125 0.98046875 0.205078125 0.9794921875 0.205078125 0.978515625 0.205078125 0.9775390625 0.205078125 0.9765625 0.205078125 0.9755859375 0.205078125 0.974609375 0.205078125 0.9736328125 0.205078125 0.97265625 0.205078125 0.9716796875 0.205078125 0.970703125 0.205078125 0.9697265625 0.205078125 0.96875 0.205078125 0.9677734375 0.2041015625 0.966796875 0.203125 0.966796875 0.2021484375 0.966796875 0.201171875 0.966796875 0.2001953125 0.966796875 0.19921875 0.966796875 0.1982421875 0.966796875 0.197265625 0.966796875 0.1962890625 0.966796875 0.1953125 0.966796875 0.1943359375 0.966796875 0.193359375 0.966796875 0.1923828125 0.966796875
0 0.25390625 0.904296875 0.2529296875 0.9052734375 0.251953125 0.90625 0.251953125 0.9072265625 0.251953125 0.908203125 0.251953125 0.9091796875 0.251953125 0.91015625 0.251953125 0.9111328125 0.251953125 0.912109375 0.251953125 0.9130859375 0.251953125 0.9140625 0.251953125 0.9150390625 0.251953125 0.916015625 0.251953125 0.9169921875 0.251953125 0.91796875 0.251953125 0.9189453125 0.2529296875 0.919921875 0.25390625 0.919921875 0.2548828125 0.919921875 0.255859375 0.919921875 0.2568359375 0.919921875 0.2578125 0.919921875 0.2587890625 0.919921875 0.259765625 0.919921875 0.2607421875 0.919921875 0.26171875 0.919921875 0.2626953125 0.919921875 0.263671875 0.919921875 0.2646484375 0.919921875 0.265625 0.919921875 0.2666015625 0.919921875 0.267578125 0.919921875 0.267578125 0.9189453125 0.267578125 0.91796875 0.267578125 0.9169921875 0.267578125 0.916015625 0.267578125 0.9150390625 0.267578125 0.9140625 0.267578125 0.9130859375 0.267578125 0.912109375 0.267578125 0.9111328125 0.267578125 0.91015625 0.267578125 0.9091796875 0.267578125 0.908203125 0.267578125 0.9072265625 0.267578125 0.90625 0.267578125 0.9052734375 0.2666015625 0.904296875 0.265625 0.904296875 0.2646484375 0.904296875 0.263671875 0.904296875 0.2626953125 0.904296875 0.26171875 0.904296875 0.2607421875 0.904296875 0.259765625 0.904296875 0.2587890625 0.904296875 0.2578125 0.904296875 0.2568359375 0.904296875 0.255859375 0.904296875 0.2548828125 0.904296875
0 0.25390625 0.873046875 0.2529296875 0.8740234375 0.251953125 0.875 0.251953125 0.8759765625 0.251953125 0.876953125 0.251953125 0.8779296875 0.251953125 0.87890625 0.251953125 0.8798828125 0.251953125 0.880859375 0.251953125 0.8818359375 0.251953125 0.8828125 0.251953125 0.8837890625 0.251953125 0.884765625 0.251953125 0.8857421875 0.251953125 0.88671875 0.251953125 0.8876953125 0.2529296875 0.888671875 0.25390625 0.888671875 0.2548828125 0.888671875 0.255859375 0.888671875 0.2568359375 0.888671875 0.2578125 0.888671875 0.2587890625 0.888671875 0.259765625 0.888671875 0.2607421875 0.888671875 0.26171875 0.888671875 0.2626953125 0.888671875 0.263671875 0.888671875 0.2646484375 0.888671875 0.265625 0.888671875 0.2666015625 0.888671875 0.267578125 0.888671875 0.267578125 0.8876953125 0.267578125 0.88671875 0.267578125 0.8857421875 0.267578125 0.884765625 0.267578125 0.8837890625 0.267578125 0.8828125 0.267578125 0.8818359375 0.267578125 0.880859375 0.267578125 0.8798828125 0.267578125 0.87890625 0.267578125 0.8779296875 0.267578125 0.876953125 0.267578125 0.8759765625 0.267578125 0.875 0.267578125 0.8740234375 0.2666015625 0.873046875 0.265625 0.873046875 0.2646484375 0.873046875 0.263671875 0.873046875 0.2626953125 0.873046875 0.26171875 0.873046875 0.2607421875 0.873046875 0.259765625 0.873046875 0.2587890625 0.873046875 0.2578125 0.873046875 0.2568359375 0.873046875 0.255859375 0.873046875 0.2548828125 0.873046875
0 0.44140625 0.841796875 0.4404296875 0.8427734375 0.439453125 0.84375 0.439453125 0.8447265625 0.439453125 0.845703125 0.439453125 0.8466796875 0.439453125 0.84765625 0.439453125 0.8486328125 0.439453125 0.849609375 0.439453125 0.8505859375 0.439453125 0.8515625 0.439453125 0.8525390625 0.439453125 0.853515625 0.439453125 0.8544921875 0.439453125 0.85546875 0.439453125 0.8564453125 0.4404296875 0.857421875 0.44140625 0.857421875 0.4423828125 0.857421875 0.443359375 0.857421875 0.4443359375 0.857421875 0.4453125 0.857421875 0.4462890625 0.857421875 0.447265625 0.857421875 0.4482421875 0.857421875 0.44921875 0.857421875 0.4501953125 0.857421875 0.451171875 0.857421875 0.4521484375 0.857421875 0.453125 0.857421875 0.4541015625 0.857421875 0.455078125 0.857421875 0.455078125 0.8564453125 0.455078125 0.85546875 0.455078125 0.8544921875 0.455078125 0.853515625 0.455078125 0.8525390625 0.455078125 0.8515625 0.455078125 0.8505859375 0.455078125 0.849609375 0.455078125 0.8486328125 0.455078125 0.84765625 0.455078125 0.8466796875 0.455078125 0.845703125 0.455078125 0.8447265625 0.455078125 0.84375 0.455078125 0.8427734375 0.4541015625 0.841796875 0.453125 0.841796875 0.4521484375 0.841796875 0.451171875 0.841796875 0.4501953125 0.841796875 0.44921875 0.841796875 0.4482421875 0.841796875 0.447265625 0.841796875 0.4462890625 0.841796875 0.4453125 0.841796875 0.4443359375 0.841796875 0.443359375 0.841796875 0.4423828125 0.841796875
0 0.50390625 0.810546875 0.5029296875 0.8115234375 0.501953125 0.8125 0.501953125 0.8134765625 0.501953125 0.814453125 0.501953125 0.8154296875 0.501953125 0.81640625 0.501953125 0.8173828125 0.501953125 0.818359375 0.501953125 0.8193359375 0.501953125 0.8203125 0.501953125 0.8212890625 0.501953125 0.822265625 0.501953125 0.8232421875 0.501953125 0.82421875 0.501953125 0.8251953125 0.5009765625 0.826171875 0.5 0.826171875 0.4990234375 0.826171875 0.498046875 0.826171875 0.4970703125 0.826171875 0.49609375 0.826171875 0.4951171875 0.826171875 0.494140625 0.826171875 0.4931640625 0.826171875 0.4921875 0.826171875 0.4912109375 0.826171875 0.490234375 0.826171875 0.4892578125 0.826171875 0.48828125 0.826171875 0.4873046875 0.8271484375 0.486328125 0.828125 0.486328125 0.8291015625 0.486328125 0.830078125 0.486328125 0.8310546875 0.486328125 0.83203125 0.486328125 0.8330078125 0.486328125 0.833984375 0.486328125 0.8349609375 0.486328125 0.8359375 0.486328125 0.8369140625 0.486328125 0.837890625 0.486328125 0.8388671875 0.486328125 0.83984375 0.486328125 0.8408203125 0.4873046875 0.841796875 0.48828125 0.841796875 0.4892578125 0.841796875 0.490234375 0.841796875 0.4912109375 0.841796875 0.4921875 0.841796875 0.4931640625 0.841796875 0.494140625 0.841796875 0.4951171875 0.841796875 0.49609375 0.841796875 0.4970703125 0.841796875 0.498046875 0.841796875 0.4990234375 0.841796875 0.5 0.841796875 0.5009765625 0.841796875 0.501953125 0.841796875 0.5029296875 0.841796875 0.50390625 0.841796875 0.5048828125 0.841796875 0.505859375 0.841796875 0.5068359375 0.841796875 0.5078125 0.841796875 0.5087890625 0.841796875 0.509765625 0.841796875 0.5107421875 0.841796875 0.51171875 0.841796875 0.5126953125 0.841796875 0.513671875 0.841796875 0.5146484375 0.841796875 0.515625 0.841796875 0.5166015625 0.841796875 0.517578125 0.841796875 0.517578125 0.8408203125 0.517578125 0.83984375 0.517578125 0.8388671875 0.517578125 0.837890625 0.517578125 0.8369140625 0.517578125 0.8359375 0.517578125 0.8349609375 0.517578125 0.833984375 0.517578125 0.8330078125 0.517578125 0.83203125 0.517578125 0.8310546875 0.517578125 0.830078125 0.517578125 0.8291015625 0.517578125 0.828125 0.517578125 0.8271484375 0.517578125 0.826171875 0.517578125 0.8251953125 0.517578125 0.82421875 0.517578125 0.8232421875 0.517578125 0.822265625 0.517578125 0.8212890625 0.517578125 0.8203125 0.517578125 0.8193359375 0.517578125 0.818359375 0.517578125 0.8173828125 0.517578125 0.81640625 0.517578125 0.8154296875 0.517578125 0.814453125 0.517578125 0.8134765625 0.517578125 0.8125 0.517578125 0.8115234375 0.5166015625 0.810546875 0.515625 0.810546875 0.5146484375 0.810546875 0.513671875 0.810546875 0.5126953125 0.810546875 0.51171875 0.810546875 0.5107421875 0.810546875 0.509765625 0.810546875 0.5087890625 0.810546875 0.5078125 0.810546875 0.5068359375 0.810546875 0.505859375 0.810546875 0.5048828125 0.810546875
0 0.44140625 0.794921875 0.4404296875 0.7958984375 0.439453125 0.796875 0.439453125 0.7978515625 0.439453125 0.798828125 0.439453125 0.7998046875 0.439453125 0.80078125 0.439453125 0.8017578125 0.439453125 0.802734375 0.439453125 0.8037109375 0.439453125 0.8046875 0.439453125 0.8056640625 0.439453125 0.806640625 0.439453125 0.8076171875 0.439453125 0.80859375 0.439453125 0.8095703125 0.4404296875 0.810546875 0.44140625 0.810546875 0.4423828125 0.810546875 0.443359375 0.810546875 0.4443359375 0.810546875 0.4453125 0.810546875 0.4462890625 0.810546875 0.447265625 0.810546875 0.4482421875 0.810546875 0.44921875 0.810546875 0.4501953125 0.810546875 0.451171875 0.810546875 0.4521484375 0.810546875 0.453125 0.810546875 0.4541015625 0.810546875 0.455078125 0.810546875 0.455078125 0.8095703125 0.455078125 0.80859375 0.455078125 0.8076171875 0.455078125 0.806640625 0.455078125 0.8056640625 0.455078125 0.8046875 0.455078125 0.8037109375 0.455078125 0.802734375 0.455078125 0.8017578125 0.455078125 0.80078125 0.455078125 0.7998046875 0.455078125 0.798828125 0.455078125 0.7978515625 0.455078125 0.796875 0.455078125 0.7958984375 0.4541015625 0.794921875 0.453125 0.794921875 0.4521484375 0.794921875 0.451171875 0.794921875 0.4501953125 0.794921875 0.44921875 0.794921875 0.4482421875 0.794921875 0.447265625 0.794921875 0.4462890625 0.794921875 0.4453125 0.794921875 0.4443359375 0.794921875 0.443359375 0.794921875 0.4423828125 0.794921875
0 0.20703125 0.794921875 0.2060546875 0.7958984375 0.205078125 0.796875 0.205078125 0.7978515625 0.205078125 0.798828125 0.205078125 0.7998046875 0.205078125 0.80078125 0.205078125 0.8017578125 0.205078125 0.802734375 0.205078125 0.8037109375 0.205078125 0.8046875 0.205078125 0.8056640625 0.205078125 0.806640625 0.205078125 0.8076171875 0.205078125 0.80859375 0.205078125 0.8095703125 0.2060546875 0.810546875 0.20703125 0.810546875 0.2080078125 0.810546875 0.208984375 0.810546875 0.2099609375 0.810546875 0.2109375 0.810546875 0.2119140625 0.810546875 0.212890625 0.810546875 0.2138671875 0.810546875 0.21484375 0.810546875 0.2158203125 0.810546875 0.216796875 0.810546875 0.2177734375 0.810546875 0.21875 0.810546875 0.2197265625 0.810546875 0.220703125 0.810546875 0.220703125 0.8095703125 0.220703125 0.80859375 0.220703125 0.8076171875 0.220703125 0.806640625 0.220703125 0.8056640625 0.220703125 0.8046875 0.220703125 0.8037109375 0.220703125 0.802734375 0.220703125 0.8017578125 0.220703125 0.80078125 0.220703125 0.7998046875 0.220703125 0.798828125 0.220703125 0.7978515625 0.220703125 0.796875 0.220703125 0.7958984375 0.2197265625 0.794921875 0.21875 0.794921875 0.2177734375 0.794921875 0.216796875 0.794921875 0.2158203125 0.794921875 0.21484375 0.794921875 0.2138671875 0.794921875 0.212890625 0.794921875 0.2119140625 0.794921875 0.2109375 0.794921875 0.2099609375 0.794921875 0.208984375 0.794921875 0.2080078125 0.794921875
0 0.50390625 0.732421875 0.5029296875 0.7333984375 0.501953125 0.734375 0.501953125 0.7353515625 0.501953125 0.736328125 0.501953125 0.7373046875 0.501953125 0.73828125 0.501953125 0.7392578125 0.501953125 0.740234375 0.501953125 0.7412109375 0.501953125 0.7421875 0.501953125 0.7431640625 0.501953125 0.744140625 0.501953125 0.7451171875 0.501953125 0.74609375 0.501953125 0.7470703125 0.5029296875 0.748046875 0.50390625 0.748046875 0.5048828125 0.748046875 0.505859375 0.748046875 0.5068359375 0.748046875 0.5078125 0.748046875 0.5087890625 0.748046875 0.509765625 0.748046875 0.5107421875 0.748046875 0.51171875 0.748046875 0.5126953125 0.748046875 0.513671875 0.748046875 0.5146484375 0.748046875 0.515625 0.748046875 0.5166015625 0.748046875 0.517578125 0.748046875 0.517578125 0.7470703125 0.517578125 0.74609375 0.517578125 0.7451171875 0.517578125 0.744140625 0.517578125 0.7431640625 0.517578125 0.7421875 0.517578125 0.7412109375 0.517578125 0.740234375 0.517578125 0.7392578125 0.517578125 0.73828125 0.517578125 0.7373046875 0.517578125 0.736328125 0.517578125 0.7353515625 0.517578125 0.734375 0.517578125 0.7333984375 0.5166015625 0.732421875 0.515625 0.732421875 0.5146484375 0.732421875 0.513671875 0.732421875 0.5126953125 0.732421875 0.51171875 0.732421875 0.5107421875 0.732421875 0.509765625 0.732421875 0.5087890625 0.732421875 0.5078125 0.732421875 0.5068359375 0.732421875 0.505859375 0.732421875 0.5048828125 0.732421875
0 0.31640625 0.716796875 0.3154296875 0.7177734375 0.314453125 0.71875 0.314453125 0.7197265625 0.314453125 0.720703125 0.314453125 0.7216796875 0.314453125 0.72265625 0.314453125 0.7236328125 0.314453125 0.724609375 0.314453125 0.7255859375 0.314453125 0.7265625 0.314453125 0.7275390625 0.314453125 0.728515625 0.314453125 0.7294921875 0.314453125 0.73046875 0.314453125 0.7314453125 0.3154296875 0.732421875 0.31640625 0.732421875 0.3173828125 0.732421875 0.318359375 0.732421875 0.3193359375 0.732421875 0.3203125 0.732421875 0.3212890625 0.732421875 0.322265625 0.732421875 0.3232421875 0.732421875 0.32421875 0.732421875 0.3251953125 0.732421875 0.326171875 0.732421875 0.3271484375 0.732421875 0.328125 0.732421875 0.3291015625 0.732421875 0.330078125 0.732421875 0.330078125 0.7314453125 0.330078125 0.73046875 0.330078125 0.7294921875 0.330078125 0.728515625 0.330078125 0.7275390625 0.330078125 0.7265625 0.330078125 0.7255859375 0.330078125 0.724609375 0.330078125 0.7236328125 0.330078125 0.72265625 0.330078125 0.7216796875 0.330078125 0.720703125 0.330078125 0.7197265625 0.330078125 0.71875 0.330078125 0.7177734375 0.3291015625 0.716796875 0.328125 0.716796875 0.3271484375 0.716796875 0.326171875 0.716796875 0.3251953125 0.716796875 0.32421875 0.716796875 0.3232421875 0.716796875 0.322265625 0.716796875 0.3212890625 0.716796875 0.3203125 0.716796875 0.3193359375 0.716796875 0.318359375 0.716796875 0.3173828125 0.716796875
0 0.59765625 0.373046875 0.5966796875 0.3740234375 0.595703125 0.375 0.595703125 0.3759765625 0.595703125 0.376953125 0.595703125 0.3779296875 0.595703125 0.37890625 0.595703125 0.3798828125 0.595703125 0.380859375 0.595703125 0.3818359375 0.595703125 0.3828125 0.595703125 0.3837890625 0.595703125 0.384765625 0.595703125 0.3857421875 0.595703125 0.38671875 0.595703125 0.3876953125 0.5966796875 0.388671875 0.59765625 0.388671875 0.5986328125 0.388671875 0.599609375 0.388671875 0.6005859375 0.388671875 0.6015625 0.388671875 0.6025390625 0.388671875 0.603515625 0.388671875 0.6044921875 0.388671875 0.60546875 0.388671875 0.6064453125 0.388671875 0.607421875 0.388671875 0.6083984375 0.388671875 0.609375 0.388671875 0.6103515625 0.388671875 0.611328125 0.388671875 0.611328125 0.3876953125 0.611328125 0.38671875 0.611328125 0.3857421875 0.611328125 0.384765625 0.611328125 0.3837890625 0.611328125 0.3828125 0.611328125 0.3818359375 0.611328125 0.380859375 0.611328125 0.3798828125 0.611328125 0.37890625 0.611328125 0.3779296875 0.611328125 0.376953125 0.611328125 0.3759765625 0.611328125 0.375 0.611328125 0.3740234375 0.6103515625 0.373046875 0.609375 0.373046875 0.6083984375 0.373046875 0.607421875 0.373046875 0.6064453125 0.373046875 0.60546875 0.373046875 0.6044921875 0.373046875 0.603515625 0.373046875 0.6025390625 0.373046875 0.6015625 0.373046875 0.6005859375 0.373046875 0.599609375 0.373046875 0.5986328125 0.373046875
0 0.51953125 0.216796875 0.5185546875 0.2177734375 0.517578125 0.21875 0.517578125 0.2197265625 0.517578125 0.220703125 0.517578125 0.2216796875 0.517578125 0.22265625 0.517578125 0.2236328125 0.517578125 0.224609375 0.517578125 0.2255859375 0.517578125 0.2265625 0.517578125 0.2275390625 0.517578125 0.228515625 0.517578125 0.2294921875 0.517578125 0.23046875 0.517578125 0.2314453125 0.5185546875 0.232421875 0.51953125 0.232421875 0.5205078125 0.232421875 0.521484375 0.232421875 0.5224609375 0.232421875 0.5234375 0.232421875 0.5244140625 0.232421875 0.525390625 0.232421875 0.5263671875 0.232421875 0.52734375 0.232421875 0.5283203125 0.232421875 0.529296875 0.232421875 0.5302734375 0.232421875 0.53125 0.232421875 0.5322265625 0.232421875 0.533203125 0.232421875 0.533203125 0.2314453125 0.533203125 0.23046875 0.533203125 0.2294921875 0.533203125 0.228515625 0.533203125 0.2275390625 0.533203125 0.2265625 0.533203125 0.2255859375 0.533203125 0.224609375 0.533203125 0.2236328125 0.533203125 0.22265625 0.533203125 0.2216796875 0.533203125 0.220703125 0.533203125 0.2197265625 0.533203125 0.21875 0.533203125 0.2177734375 0.5322265625 0.216796875 0.53125 0.216796875 0.5302734375 0.216796875 0.529296875 0.216796875 0.5283203125 0.216796875 0.52734375 0.216796875 0.5263671875 0.216796875 0.525390625 0.216796875 0.5244140625 0.216796875 0.5234375 0.216796875 0.5224609375 0.216796875 0.521484375 0.216796875 0.5205078125 0.216796875
0 0.25390625 0.076171875 0.2529296875 0.0771484375 0.251953125 0.078125 0.251953125 0.0791015625 0.251953125 0.080078125 0.251953125 0.0810546875 0.251953125 0.08203125 0.251953125 0.0830078125 0.251953125 0.083984375 0.251953125 0.0849609375 0.251953125 0.0859375 0.251953125 0.0869140625 0.251953125 0.087890625 0.251953125 0.0888671875 0.251953125 0.08984375 0.251953125 0.0908203125 0.2529296875 0.091796875 0.25390625 0.091796875 0.2548828125 0.091796875 0.255859375 0.091796875 0.2568359375 0.091796875 0.2578125 0.091796875 0.2587890625 0.091796875 0.259765625 0.091796875 0.2607421875 0.091796875 0.26171875 0.091796875 0.2626953125 0.091796875 0.263671875 0.091796875 0.2646484375 0.091796875 0.265625 0.091796875 0.2666015625 0.091796875 0.267578125 0.091796875 0.267578125 0.0908203125 0.267578125 0.08984375 0.267578125 0.0888671875 0.267578125 0.087890625 0.267578125 0.0869140625 0.267578125 0.0859375 0.267578125 0.0849609375 0.267578125 0.083984375 0.267578125 0.0830078125 0.267578125 0.08203125 0.267578125 0.0810546875 0.267578125 0.080078125 0.267578125 0.0791015625 0.267578125 0.078125 0.267578125 0.0771484375 0.2666015625 0.076171875 0.265625 0.076171875 0.2646484375 0.076171875 0.263671875 0.076171875 0.2626953125 0.076171875 0.26171875 0.076171875 0.2607421875 0.076171875 0.259765625 0.076171875 0.2587890625 0.076171875 0.2578125 0.076171875 0.2568359375 0.076171875 0.255859375 0.076171875 0.2548828125 0.076171875
0 0.314453125 0.0 0.314453125 0.0009765625 0.314453125 0.001953125 0.314453125 0.0029296875 0.314453125 0.00390625 0.314453125 0.0048828125 0.314453125 0.005859375 0.314453125 0.0068359375 0.314453125 0.0078125 0.314453125 0.0087890625 0.314453125 0.009765625 0.314453125 0.0107421875 0.314453125 0.01171875 0.314453125 0.0126953125 0.3154296875 0.013671875 0.31640625 0.013671875 0.3173828125 0.013671875 0.318359375 0.013671875 0.3193359375 0.013671875 0.3203125 0.013671875 0.3212890625 0.013671875 0.322265625 0.013671875 0.3232421875 0.013671875 0.32421875 0.013671875 0.3251953125 0.013671875 0.326171875 0.013671875 0.3271484375 0.013671875 0.328125 0.013671875 0.3291015625 0.013671875 0.330078125 0.013671875 0.330078125 0.0126953125 0.330078125 0.01171875 0.330078125 0.0107421875 0.330078125 0.009765625 0.330078125 0.0087890625 0.330078125 0.0078125 0.330078125 0.0068359375 0.330078125 0.005859375 0.330078125 0.0048828125 0.330078125 0.00390625 0.330078125 0.0029296875 0.330078125 0.001953125 0.330078125 0.0009765625 0.330078125 0.0 0.330078125 0.0009765625 0.330078125 0.001953125 0.330078125 0.0029296875 0.330078125 0.00390625 0.330078125 0.0048828125 0.330078125 0.005859375 0.330078125 0.0068359375 0.330078125 0.0078125 0.330078125 0.0087890625 0.330078125 0.009765625 0.330078125 0.0107421875 0.330078125 0.01171875 0.330078125 0.0126953125 0.3291015625 0.013671875 0.328125 0.013671875 0.3271484375 0.013671875 0.326171875 0.013671875 0.3251953125 0.013671875 0.32421875 0.013671875 0.3232421875 0.013671875 0.322265625 0.013671875 0.3212890625 0.013671875 0.3203125 0.013671875 0.3193359375 0.013671875 0.318359375 0.013671875 0.3173828125 0.013671875 0.31640625 0.013671875 0.3154296875 0.013671875 0.314453125 0.0126953125 0.314453125 0.01171875 0.314453125 0.0107421875 0.314453125 0.009765625 0.314453125 0.0087890625 0.314453125 0.0078125 0.314453125 0.0068359375 0.314453125 0.005859375 0.314453125 0.0048828125 0.314453125 0.00390625 0.314453125 0.0029296875 0.314453125 0.001953125 0.314453125 0.0009765625
