0 0.029296875 0.9267578125 0.0283203125 0.927734375 0.02734375 0.9287109375 0.02734375 0.9296875 0.02734375 0.9306640625 0.02734375 0.931640625 0.02734375 0.9326171875 0.02734375 0.93359375 0.02734375 0.9345703125 0.02734375 0.935546875 0.02734375 0.9365234375 0.02734375 0.9375 0.02734375 0.9384765625 0.02734375 0.939453125 0.02734375 0.9404296875 0.02734375 0.94140625 0.0283203125 0.9423828125 0.029296875 0.9423828125 0.0302734375 0.9423828125 0.03125 0.9423828125 0.0322265625 0.9423828125 0.033203125 0.9423828125 0.0341796875 0.9423828125 0.03515625 0.9423828125 0.0361328125 0.9423828125 0.037109375 0.9423828125 0.0380859375 0.9423828125 0.0390625 0.9423828125 0.0400390625 0.9423828125 0.041015625 0.9423828125 0.0419921875 0.9423828125 0.04296875 0.9423828125 0.04296875 0.94140625 0.04296875 0.9404296875 0.04296875 0.939453125 0.04296875 0.9384765625 0.04296875 0.9375 0.04296875 0.9365234375 0.04296875 0.935546875 0.04296875 0.9345703125 0.04296875 0.93359375 0.04296875 0.9326171875 0.04296875 0.931640625 0.04296875 0.9306640625 0.04296875 0.9296875 0.04296875 0.9287109375 0.04296875 0.927734375 0.0419921875 0.9267578125 0.041015625 0.9267578125 0.0400390625 0.9267578125 0.0390625 0.9267578125 0.0380859375 0.9267578125 0.037109375 0.9267578125 0.0361328125 0.9267578125 0.03515625 0.9267578125 0.0341796875 0.9267578125 0.033203125 0.9267578125 0.0322265625 0.9267578125 0.03125 0.9267578125 0.0302734375 0.9267578125
0 0.357421875 0.6298828125 0.3564453125 0.630859375 0.35546875 0.6318359375 0.35546875 0.6328125 0.35546875 0.6337890625 0.35546875 0.634765625 0.35546875 0.6357421875 0.35546875 0.63671875 0.35546875 0.6376953125 0.35546875 0.638671875 0.35546875 0.6396484375 0.35546875 0.640625 0.35546875 0.6416015625 0.35546875 0.642578125 0.35546875 0.6435546875 0.35546875 0.64453125 0.3564453125 0.6455078125 0.357421875 0.6455078125 0.3583984375 0.6455078125 0.359375 0.6455078125 0.3603515625 0.6455078125 0.361328125 0.6455078125 0.3623046875 0.6455078125 0.36328125 0.6455078125 0.3642578125 0.6455078125 0.365234375 0.6455078125 0.3662109375 0.6455078125 0.3671875 0.6455078125 0.3681640625 0.6455078125 0.369140625 0.6455078125 0.3701171875 0.6455078125 0.37109375 0.6455078125 0.37109375 0.64453125 0.37109375 0.6435546875 0.37109375 0.642578125 0.37109375 0.6416015625 0.37109375 0.640625 0.37109375 0.6396484375 0.37109375 0.638671875 0.37109375 0.6376953125 0.37109375 0.63671875 0.37109375 0.6357421875 0.37109375 0.634765625 0.37109375 0.6337890625 0.37109375 0.6328125 0.37109375 0.6318359375 0.37109375 0.630859375 0.3701171875 0.6298828125 0.369140625 0.6298828125 0.3681640625 0.6298828125 0.3671875 0.6298828125 0.3662109375 0.6298828125 0.365234375 0.6298828125 0.3642578125 0.6298828125 0.36328125 0.6298828125 0.3623046875 0.6298828125 0.361328125 0.6298828125 0.3603515625 0.6298828125 0.359375 0.6298828125 0.3583984375 0.6298828125
0 0.466796875 0.5205078125 0.4658203125 0.521484375 0.46484375 0.5224609375 0.46484375 0.5234375 0.46484375 0.5244140625 0.46484375 0.525390625 0.46484375 0.5263671875 0.46484375 0.52734375 0.46484375 0.5283203125 0.46484375 0.529296875 0.46484375 0.5302734375 0.46484375 0.53125 0.46484375 0.5322265625 0.46484375 0.533203125 0.46484375 0.5341796875 0.46484375 0.53515625 0.4658203125 0.5361328125 0.466796875 0.5361328125 0.4677734375 0.5361328125 0.46875 0.5361328125 0.4697265625 0.5361328125 0.470703125 0.5361328125 0.4716796875 0.5361328125 0.47265625 0.5361328125 0.4736328125 0.5361328125 0.474609375 0.5361328125 0.4755859375 0.5361328125 0.4765625 0.5361328125 0.4775390625 0.5361328125 0.478515625 0.5361328125 0.4794921875 0.5361328125 0.48046875 0.5361328125 0.48046875 0.53515625 0.48046875 0.5341796875 0.48046875 0.533203125 0.48046875 0.5322265625 0.48046875 0.53125 0.48046875 0.5302734375 0.48046875 0.529296875 0.48046875 0.5283203125 0.48046875 0.52734375 0.48046875 0.5263671875 0.48046875 0.525390625 0.48046875 0.5244140625 0.48046875 0.5234375 0.48046875 0.5224609375 0.48046875 0.521484375 0.4794921875 0.5205078125 0.478515625 0.5205078125 0.4775390625 0.5205078125 0.4765625 0.5205078125 0.4755859375 0.5205078125 0.474609375 0.5205078125 0.4736328125 0.5205078125 0.47265625 0.5205078125 0.4716796875 0.5205078125 0.470703125 0.5205078125 0.4697265625 0.5205078125 0.46875 0.5205078125 0.4677734375 0.5205078125
0 0.435546875 0.4267578125 0.4345703125 0.427734375 0.43359375 0.4287109375 0.43359375 0.4296875 0.43359375 0.4306640625 0.43359375 0.431640625 0.43359375 0.4326171875 0.43359375 0.43359375 0.43359375 0.4345703125 0.43359375 0.435546875 0.43359375 0.4365234375 0.43359375 0.4375 0.43359375 0.4384765625 0.43359375 0.439453125 0.43359375 0.4404296875 0.43359375 0.44140625 0.4345703125 0.4423828125 0.435546875 0.4423828125 0.4365234375 0.4423828125 0.4375 0.4423828125 0.4384765625 0.4423828125 0.439453125 0.4423828125 0.4404296875 0.4423828125 0.44140625 0.4423828125 0.4423828125 0.4423828125 0.443359375 0.4423828125 0.4443359375 0.4423828125 0.4453125 0.4423828125 0.4462890625 0.4423828125 0.447265625 0.4423828125 0.4482421875 0.4423828125 0.44921875 0.4423828125 0.44921875 0.44140625 0.44921875 0.4404296875 0.44921875 0.439453125 0.44921875 0.4384765625 0.44921875 0.4375 0.44921875 0.4365234375 0.44921875 0.435546875 0.44921875 0.4345703125 0.44921875 0.43359375 0.44921875 0.4326171875 0.44921875 0.431640625 0.44921875 0.4306640625 0.44921875 0.4296875 0.44921875 0.4287109375 0.44921875 0.427734375 0.4482421875 0.4267578125 0.447265625 0.4267578125 0.4462890625 0.4267578125 0.4453125 0.4267578125 0.4443359375 0.4267578125 0.443359375 0.4267578125 0.4423828125 0.4267578125 0.44140625 0.4267578125 0.4404296875 0.4267578125 0.439453125 0.4267578125 0.4384765625 0.4267578125 0.4375 0.4267578125 0.4365234375 0.4267578125
0 0.873046875 0.3330078125 0.8720703125 0.333984375 0.87109375 0.3349609375 0.87109375 0.3359375 0.87109375 0.3369140625 0.87109375 0.337890625 0.87109375 0.3388671875 0.87109375 0.33984375 0.87109375 0.3408203125 0.87109375 0.341796875 0.87109375 0.3427734375 0.87109375 0.34375 0.87109375 0.3447265625 0.87109375 0.345703125 0.87109375 0.3466796875 0.87109375 0.34765625 0.8720703125 0.3486328125 0.873046875 0.3486328125 0.8740234375 0.3486328125 0.875 0.3486328125 0.8759765625 0.3486328125 0.876953125 0.3486328125 0.8779296875 0.3486328125 0.87890625 0.3486328125 0.8798828125 0.3486328125 0.880859375 0.3486328125 0.8818359375 0.3486328125 0.8828125 0.3486328125 0.8837890625 0.3486328125 0.884765625 0.3486328125 0.8857421875 0.3486328125 0.88671875 0.3486328125 0.88671875 0.34765625 0.88671875 0.3466796875 0.88671875 0.345703125 0.88671875 0.3447265625 0.88671875 0.34375 0.88671875 0.3427734375 0.88671875 0.341796875 0.88671875 0.3408203125 0.88671875 0.33984375 0.88671875 0.3388671875 0.88671875 0.337890625 0.88671875 0.3369140625 0.88671875 0.3359375 0.88671875 0.3349609375 0.88671875 0.333984375 0.8857421875 0.3330078125 0.884765625 0.3330078125 0.8837890625 0.3330078125 0.8828125 0.3330078125 0.8818359375 0.3330078125 0.880859375 0.3330078125 0.8798828125 0.3330078125 0.87890625 0.3330078125 0.8779296875 0.3330078125 0.876953125 0.3330078125 0.8759765625 0.3330078125 0.875 0.3330078125 0.8740234375 0.3330078125
0 0.201171875 0.3330078125 0.2001953125 0.333984375 0.19921875 0.3349609375 0.19921875 0.3359375 0.19921875 0.3369140625 0.19921875 0.337890625 0.19921875 0.3388671875 0.19921875 0.33984375 0.19921875 0.3408203125 0.19921875 0.341796875 0.19921875 0.3427734375 0.19921875 0.34375 0.19921875 0.3447265625 0.19921875 0.345703125 0.19921875 0.3466796875 0.19921875 0.34765625 0.2001953125 0.3486328125 0.201171875 0.3486328125 0.2021484375 0.3486328125 0.203125 0.3486328125 0.2041015625 0.3486328125 0.205078125 0.3486328125 0.2060546875 0.3486328125 0.20703125 0.3486328125 0.2080078125 0.3486328125 0.208984375 0.3486328125 0.2099609375 0.3486328125 0.2109375 0.3486328125 0.2119140625 0.3486328125 0.212890625 0.3486328125 0.2138671875 0.3486328125 0.21484375 0.3486328125 0.21484375 0.34765625 0.21484375 0.3466796875 0.21484375 0.345703125 0.21484375 0.3447265625 0.21484375 0.34375 0.21484375 0.3427734375 0.21484375 0.341796875 0.21484375 0.3408203125 0.21484375 0.33984375 0.21484375 0.3388671875 0.21484375 0.337890625 0.21484375 0.3369140625 0.21484375 0.3359375 0.21484375 0.3349609375 0.21484375 0.333984375 0.2138671875 0.3330078125 0.212890625 0.3330078125 0.2119140625 0.3330078125 0.2109375 0.3330078125 0.2099609375 0.3330078125 0.208984375 0.3330078125 0.2080078125 0.3330078125 0.20703125 0.3330078125 0.2060546875 0.3330078125 0.205078125 0.3330078125 0.2041015625 0.3330078125 0.203125 0.3330078125 0.2021484375 0.3330078125
0 0.654296875 0.2392578125 0.6552734375 0.2392578125 0.65625 0.2392578125 0.6572265625 0.2392578125 0.658203125 0.2392578125 0.6591796875 0.2392578125 0.66015625 0.2392578125 0.6611328125 0.2392578125 0.662109375 0.2392578125 0.6630859375 0.2392578125 0.6640625 0.2392578125 0.6650390625 0.2392578125 0.666015625 0.2392578125 0.6669921875 0.2392578125 0.66796875 0.240234375 0.66796875 0.2412109375 0.66796875 0.2421875 0.66796875 0.2431640625 0.66796875 0.244140625 0.66796875 0.2451171875 0.66796875 0.24609375 0.66796875 0.2470703125 0.66796875 0.248046875 0.66796875 0.2490234375 0.66796875 0.25 0.66796875 0.2509765625 0.66796875 0.251953125 0.66796875 0.2529296875 0.66796875 0.25390625 0.6669921875 0.2548828125 0.666015625 0.2548828125 0.6650390625 0.2548828125 0.6640625 0.2548828125 0.6630859375 0.2548828125 0.662109375 0.2548828125 0.6611328125 0.2548828125 0.66015625 0.2548828125 0.6591796875 0.2548828125 0.658203125 0.2548828125 0.6572265625 0.2548828125 0.65625 0.2548828125 0.6552734375 0.2548828125 0.654296875 0.2548828125 0.6533203125 0.2548828125 0.65234375 0.25390625 0.65234375 0.2529296875 0.65234375 0.251953125 0.65234375 0.2509765625 0.65234375 0.25 0.65234375 0.2490234375 0.65234375 0.248046875 0.65234375 0.2470703125 0.65234375 0.24609375 0.65234375 0.2451171875 0.65234375 0.244140625 0.65234375 0.2431640625 0.65234375 0.2421875 0.65234375 0.2412109375 0.65234375 0.2421875 0.65234375 0.2431640625 0.65234375 0.244140625 0.65234375 0.2451171875 0.65234375 0.24609375 0.65234375 0.2470703125 0.65234375 0.248046875 0.65234375 0.2490234375 0.65234375 0.25 0.65234375 0.2509765625 0.65234375 0.251953125 0.65234375 0.2529296875 0.65234375 0.25390625 0.6533203125 0.2548828125 0.654296875 0.2548828125 0.6552734375 0.2548828125 0.65625 0.2548828125 0.6572265625 0.2548828125 0.658203125 0.2548828125 0.6591796875 0.2548828125 0.66015625 0.2548828125 0.6611328125 0.2548828125 0.662109375 0.2548828125 0.6630859375 0.2548828125 0.6640625 0.2548828125 0.6650390625 0.2548828125 0.666015625 0.2548828125 0.6669921875 0.2548828125 0.66796875 0.2548828125 0.66796875 0.25390625 0.66796875 0.2529296875 0.66796875 0.251953125 0.66796875 0.2509765625 0.66796875 0.25 0.66796875 0.2490234375 0.66796875 0.248046875 0.66796875 0.2470703125 0.66796875 0.24609375 0.66796875 0.2451171875 0.66796875 0.244140625 0.66796875 0.2431640625 0.66796875 0.2421875 0.66796875 0.2412109375 0.66796875 0.240234375 0.6669921875 0.2392578125 0.666015625 0.2392578125 0.6650390625 0.2392578125 0.6640625 0.2392578125 0.6630859375 0.2392578125 0.662109375 0.2392578125 0.6611328125 0.2392578125 0.66015625 0.2392578125 0.6591796875 0.2392578125 0.658203125 0.2392578125 0.6572265625 0.2392578125 0.65625 0.2392578125 0.6552734375 0.2392578125
0 0.779296875 0.2236328125 0.7783203125 0.224609375 0.77734375 0.2255859375 0.77734375 0.2265625 0.77734375 0.2275390625 0.77734375 0.228515625 0.77734375 0.2294921875 0.77734375 0.23046875 0.77734375 0.2314453125 0.77734375 0.232421875 0.77734375 0.2333984375 0.77734375 0.234375 0.77734375 0.2353515625 0.77734375 0.236328125 0.77734375 0.2373046875 0.77734375 0.23828125 0.7783203125 0.2392578125 0.779296875 0.2392578125 0.7802734375 0.2392578125 0.78125 0.2392578125 0.7822265625 0.2392578125 0.783203125 0.2392578125 0.7841796875 0.2392578125 0.78515625 0.2392578125 0.7861328125 0.2392578125 0.787109375 0.2392578125 0.7880859375 0.2392578125 0.7890625 0.2392578125 0.7900390625 0.2392578125 0.791015625 0.2392578125 0.7919921875 0.2392578125 0.79296875 0.2392578125 0.79296875 0.23828125 0.79296875 0.2373046875 0.79296875 0.236328125 0.79296875 0.2353515625 0.79296875 0.234375 0.79296875 0.2333984375 0.79296875 0.232421875 0.79296875 0.2314453125 0.79296875 0.23046875 0.79296875 0.2294921875 0.79296875 0.228515625 0.79296875 0.2275390625 0.79296875 0.2265625 0.79296875 0.2255859375 0.79296875 0.224609375 0.7919921875 0.2236328125 0.791015625 0.2236328125 0.7900390625 0.2236328125 0.7890625 0.2236328125 0.7880859375 0.2236328125 0.787109375 0.2236328125 0.7861328125 0.2236328125 0.78515625 0.2236328125 0.7841796875 0.2236328125 0.783203125 0.2236328125 0.7822265625 0.2236328125 0.78125 0.2236328125 0.7802734375 0.2236328125
0 0.638671875 0.2236328125 0.6376953125 0.224609375 0.63671875 0.2255859375 0.63671875 0.2265625 0.63671875 0.2275390625 0.63671875 0.228515625 0.63671875 0.2294921875 0.63671875 0.23046875 0.63671875 0.2314453125 0.63671875 0.232421875 0.63671875 0.2333984375 0.63671875 0.234375 0.63671875 0.2353515625 0.63671875 0.236328125 0.63671875 0.2373046875 0.63671875 0.23828125 0.6376953125 0.2392578125 0.638671875 0.2392578125 0.6396484375 0.2392578125 0.640625 0.2392578125 0.6416015625 0.2392578125 0.642578125 0.2392578125 0.6435546875 0.2392578125 0.64453125 0.2392578125 0.6455078125 0.2392578125 0.646484375 0.2392578125 0.6474609375 0.2392578125 0.6484375 0.2392578125 0.6494140625 0.2392578125 0.650390625 0.2392578125 0.6513671875 0.2392578125 0.65234375 0.23828125 0.65234375 0.2373046875 0.65234375 0.236328125 0.65234375 0.2353515625 0.65234375 0.234375 0.65234375 0.2333984375 0.65234375 0.232421875 0.65234375 0.2314453125 0.65234375 0.23046875 0.65234375 0.2294921875 0.65234375 0.228515625 0.65234375 0.2275390625 0.65234375 0.2265625 0.65234375 0.2255859375 0.65234375 0.224609375 0.6513671875 0.2236328125 0.650390625 0.2236328125 0.6494140625 0.2236328125 0.6484375 0.2236328125 0.6474609375 0.2236328125 0.646484375 0.2236328125 0.6455078125 0.2236328125 0.64453125 0.2236328125 0.6435546875 0.2236328125 0.642578125 0.2236328125 0.6416015625 0.2236328125 0.640625 0.2236328125 0.6396484375 0.2236328125
0 0.341796875 0.0048828125 0.3408203125 0.005859375 0.33984375 0.0068359375 0.33984375 0.0078125 0.33984375 0.0087890625 0.33984375 0.009765625 0.33984375 0.0107421875 0.33984375 0.01171875 0.33984375 0.0126953125 0.33984375 0.013671875 0.33984375 0.0146484375 0.33984375 0.015625 0.33984375 0.0166015625 0.33984375 0.017578125 0.33984375 0.0185546875 0.33984375 0.01953125 0.3408203125 0.0205078125 0.341796875 0.0205078125 0.3427734375 0.0205078125 0.34375 0.0205078125 0.3447265625 0.0205078125 0.345703125 0.0205078125 0.3466796875 0.0205078125 0.34765625 0.0205078125 0.3486328125 0.0205078125 0.349609375 0.0205078125 0.3505859375 0.0205078125 0.3515625 0.0205078125 0.3525390625 0.0205078125 0.353515625 0.0205078125 0.3544921875 0.0205078125 0.35546875 0.0205078125 0.35546875 0.01953125 0.35546875 0.0185546875 0.35546875 0.017578125 0.35546875 0.0166015625 0.35546875 0.015625 0.35546875 0.0146484375 0.35546875 0.013671875 0.35546875 0.0126953125 0.35546875 0.01171875 0.35546875 0.0107421875 0.35546875 0.009765625 0.35546875 0.0087890625 0.35546875 0.0078125 0.35546875 0.0068359375 0.35546875 0.005859375 0.3544921875 0.0048828125 0.353515625 0.0048828125 0.3525390625 0.0048828125 0.3515625 0.0048828125 0.3505859375 0.0048828125 0.349609375 0.0048828125 0.3486328125 0.0048828125 0.34765625 0.0048828125 0.3466796875 0.0048828125 0.345703125 0.0048828125 0.3447265625 0.0048828125 0.34375 0.0048828125 0.3427734375 0.0048828125
