0 0.716796875 0.9580078125 0.7158203125 0.958984375 0.71484375 0.9599609375 0.71484375 0.9609375 0.71484375 0.9619140625 0.71484375 0.962890625 0.71484375 0.9638671875 0.71484375 0.96484375 0.71484375 0.9658203125 0.71484375 0.966796875 0.71484375 0.9677734375 0.71484375 0.96875 0.71484375 0.9697265625 0.71484375 0.970703125 0.71484375 0.9716796875 0.71484375 0.97265625 0.71484375 0.9736328125 0.71484375 0.974609375 0.71484375 0.9755859375 0.71484375 0.9765625 0.71484375 0.9775390625 0.71484375 0.978515625 0.71484375 0.9794921875 0.71484375 0.98046875 0.71484375 0.9814453125 0.71484375 0.982421875 0.71484375 0.9833984375 0.71484375 0.984375 0.71484375 0.9853515625 0.71484375 0.986328125 0.71484375 0.9873046875 0.71484375 0.98828125 0.71484375 0.9892578125 0.71484375 0.990234375 0.71484375 0.9912109375 0.71484375 0.9921875 0.71484375 0.9931640625 0.71484375 0.994140625 0.71484375 0.9951171875 0.71484375 0.99609375 0.71484375 0.9970703125 0.71484375 0.998046875 0.71484375 0.9990234375 0.71484375 0.998046875 0.71484375 0.9970703125 0.71484375 0.99609375 0.71484375 0.9951171875 0.71484375 0.994140625 0.71484375 0.9931640625 0.71484375 0.9921875 0.71484375 0.9912109375 0.71484375 0.990234375 0.71484375 0.9892578125 0.71484375 0.98828125 0.71484375 0.9873046875 0.71484375 0.986328125 0.71484375 0.9853515625 0.71484375 0.984375 0.71484375 0.9833984375 0.71484375 0.982421875 0.71484375 0.9814453125 0.71484375 0.98046875 0.71484375 0.9794921875 0.71484375 0.978515625 0.71484375 0.9775390625 0.71484375 0.9765625 0.71484375 0.9755859375 0.71484375 0.974609375 0.71484375 0.9736328125 0.71484375 0.97265625 0.71484375 0.9716796875 0.71484375 0.970703125 0.71484375 0.9697265625 0.71484375 0.96875 0.71484375 0.9677734375 0.71484375 0.966796875 0.71484375 0.9658203125 0.71484375 0.96484375 0.71484375 0.9638671875 0.71484375 0.962890625 0.71484375 0.9619140625 0.71484375 0.9609375 0.71484375 0.9599609375 0.7158203125 0.958984375 0.716796875 0.9580078125 0.7177734375 0.9580078125 0.71875 0.9580078125 0.7197265625 0.9580078125 0.720703125 0.9580078125 0.7216796875 0.9580078125 0.72265625 0.9580078125 0.7236328125 0.9580078125 0.724609375 0.9580078125 0.7255859375 0.9580078125 0.7265625 0.9580078125 0.7275390625 0.9580078125 0.728515625 0.9580078125 0.7294921875 0.9580078125 0.73046875 0.9580078125 0.7314453125 0.9580078125 0.732421875 0.9580078125 0.7333984375 0.9580078125 0.734375 0.9580078125 0.7353515625 0.9580078125 0.736328125 0.9580078125 0.7373046875 0.9580078125 0.73828125 0.9580078125 0.7392578125 0.9580078125 0.740234375 0.9580078125 0.7412109375 0.9580078125 0.7421875 0.9580078125 0.7431640625 0.9580078125 0.744140625 0.9580078125 0.7451171875 0.9580078125 0.74609375 0.958984375 0.74609375 0.9599609375 0.74609375 0.9609375 0.74609375 0.9619140625 0.74609375 0.962890625 0.74609375 0.9638671875 0.74609375 0.96484375 0.74609375 0.9658203125 0.74609375 0.966796875 0.74609375 0.9677734375 0.74609375 0.96875 0.74609375 0.9697265625 0.74609375 0.970703125 0.74609375 0.9716796875 0.74609375 0.97265625 0.7451171875 0.9736328125 0.744140625 0.9736328125 0.7431640625 0.9736328125 0.7421875 0.9736328125 0.7412109375 0.9736328125 0.740234375 0.9736328125 0.7392578125 0.9736328125 0.73828125 0.9736328125 0.7373046875 0.9736328125 0.736328125 0.9736328125 0.7353515625 0.9736328125 0.734375 0.9736328125 0.7333984375 0.9736328125 0.732421875 0.9736328125 0.7314453125 0.974609375 0.73046875 0.9755859375 0.73046875 0.9765625 0.73046875 0.9775390625 0.73046875 0.978515625 0.73046875 0.9794921875 0.73046875 0.98046875 0.73046875 0.9814453125 0.73046875 0.982421875 0.73046875 0.9833984375 0.73046875 0.984375 0.73046875 0.9853515625 0.73046875 0.986328125 0.73046875 0.9873046875 0.73046875 0.98828125 0.73046875 0.9892578125 0.73046875 0.990234375 0.73046875 0.9912109375 0.73046875 0.9921875 0.73046875 0.9931640625 0.73046875 0.994140625 0.73046875 0.9951171875 0.73046875 0.99609375 0.73046875 0.9970703125 0.73046875 0.998046875 0.73046875 0.9990234375 0.73046875 0.998046875 0.73046875 0.9970703125 0.73046875 0.99609375 0.73046875 0.9951171875 0.73046875 0.994140625 0.73046875 0.9931640625 0.73046875 0.9921875 0.73046875 0.9912109375 0.73046875 0.990234375 0.73046875 0.9892578125 0.73046875 0.98828125 0.73046875 0.9873046875 0.73046875 0.986328125 0.73046875 0.9853515625 0.73046875 0.984375 0.73046875 0.9833984375 0.73046875 0.982421875 0.73046875 0.9814453125 0.73046875 0.98046875 0.73046875 0.9794921875 0.73046875 0.978515625 0.73046875 0.9775390625 0.73046875 0.9765625 0.73046875 0.9755859375 0.7314453125 0.974609375 0.732421875 0.9736328125 0.7333984375 0.9736328125 0.734375 0.9736328125 0.7353515625 0.9736328125 0.736328125 0.9736328125 0.7373046875 0.9736328125 0.73828125 0.9736328125 0.7392578125 0.9736328125 0.740234375 0.9736328125 0.7412109375 0.9736328125 0.7421875 0.9736328125 0.7431640625 0.9736328125 0.744140625 0.9736328125 0.7451171875 0.9736328125 0.74609375 0.9736328125 0.74609375 0.97265625 0.74609375 0.9716796875 0.74609375 0.970703125 0.74609375 0.9697265625 0.74609375 0.96875 0.74609375 0.9677734375 0.74609375 0.966796875 0.74609375 0.9658203125 0.74609375 0.96484375 0.74609375 0.9638671875 0.74609375 0.962890625 0.74609375 0.9619140625 0.74609375 0.9609375 0.74609375 0.9599609375 0.74609375 0.958984375 0.7451171875 0.9580078125 0.744140625 0.9580078125 0.7431640625 0.9580078125 0.7421875 0.9580078125 0.7412109375 0.9580078125 0.740234375 0.9580078125 0.7392578125 0.9580078125 0.73828125 0.9580078125 0.7373046875 0.9580078125 0.736328125 0.9580078125 0.7353515625 0.9580078125 0.734375 0.9580078125 0.7333984375 0.9580078125 0.732421875 0.9580078125 0.7314453125 0.9580078125 0.73046875 0.9580078125 0.7294921875 0.9580078125 0.728515625 0.9580078125 0.7275390625 0.9580078125 0.7265625 0.9580078125 0.7255859375 0.9580078125 0.724609375 0.9580078125 0.7236328125 0.9580078125 0.72265625 0.9580078125 0.7216796875 0.9580078125 0.720703125 0.9580078125 0.7197265625 0.9580078125 0.71875 0.9580078125 0.7177734375 0.9580078125
0 0.685546875 0.9267578125 0.6845703125 0.927734375 0.68359375 0.9287109375 0.68359375 0.9296875 0.68359375 0.9306640625 0.68359375 0.931640625 0.68359375 0.9326171875 0.68359375 0.93359375 0.68359375 0.9345703125 0.68359375 0.935546875 0.68359375 0.9365234375 0.68359375 0.9375 0.68359375 0.9384765625 0.68359375 0.939453125 0.68359375 0.9404296875 0.68359375 0.94140625 0.6845703125 0.9423828125 0.685546875 0.9423828125 0.6865234375 0.9423828125 0.6875 0.9423828125 0.6884765625 0.9423828125 0.689453125 0.9423828125 0.6904296875 0.9423828125 0.69140625 0.9423828125 0.6923828125 0.9423828125 0.693359375 0.9423828125 0.6943359375 0.9423828125 0.6953125 0.9423828125 0.6962890625 0.9423828125 0.697265625 0.9423828125 0.6982421875 0.9423828125 0.69921875 0.9423828125 0.7001953125 0.9423828125 0.701171875 0.9423828125 0.7021484375 0.9423828125 0.703125 0.9423828125 0.7041015625 0.9423828125 0.705078125 0.9423828125 0.7060546875 0.9423828125 0.70703125 0.9423828125 0.7080078125 0.9423828125 0.708984375 0.9423828125 0.7099609375 0.9423828125 0.7109375 0.9423828125 0.7119140625 0.9423828125 0.712890625 0.9423828125 0.7138671875 0.9423828125 0.71484375 0.9423828125 0.71484375 0.94140625 0.71484375 0.9404296875 0.71484375 0.939453125 0.71484375 0.9384765625 0.71484375 0.9375 0.71484375 0.9365234375 0.71484375 0.935546875 0.71484375 0.9345703125 0.71484375 0.93359375 0.71484375 0.9326171875 0.71484375 0.931640625 0.71484375 0.9306640625 0.71484375 0.9296875 0.71484375 0.9287109375 0.71484375 0.927734375 0.7138671875 0.9267578125 0.712890625 0.9267578125 0.7119140625 0.9267578125 0.7109375 0.9267578125 0.7099609375 0.9267578125 0.708984375 0.9267578125 0.7080078125 0.9267578125 0.70703125 0.9267578125 0.7060546875 0.9267578125 0.705078125 0.9267578125 0.7041015625 0.9267578125 0.703125 0.9267578125 0.7021484375 0.9267578125 0.701171875 0.9267578125 0.7001953125 0.9267578125 0.69921875 0.9267578125 0.6982421875 0.9267578125 0.697265625 0.9267578125 0.6962890625 0.9267578125 0.6953125 0.9267578125 0.6943359375 0.9267578125 0.693359375 0.9267578125 0.6923828125 0.9267578125 0.69140625 0.9267578125 0.6904296875 0.9267578125 0.689453125 0.9267578125 0.6884765625 0.9267578125 0.6875 0.9267578125 0.6865234375 0.9267578125
0 0.279296875 0.9267578125 0.2783203125 0.927734375 0.27734375 0.9287109375 0.27734375 0.9296875 0.27734375 0.9306640625 0.27734375 0.931640625 0.27734375 0.9326171875 0.27734375 0.93359375 0.27734375 0.9345703125 0.27734375 0.935546875 0.27734375 0.9365234375 0.27734375 0.9375 0.27734375 0.9384765625 0.27734375 0.939453125 0.27734375 0.9404296875 0.27734375 0.94140625 0.2783203125 0.9423828125 0.279296875 0.9423828125 0.2802734375 0.9423828125 0.28125 0.9423828125 0.2822265625 0.9423828125 0.283203125 0.9423828125 0.2841796875 0.9423828125 0.28515625 0.9423828125 0.2861328125 0.9423828125 0.287109375 0.9423828125 0.2880859375 0.9423828125 0.2890625 0.9423828125 0.2900390625 0.9423828125 0.291015625 0.9423828125 0.2919921875 0.9423828125 0.29296875 0.9423828125 0.29296875 0.94140625 0.29296875 0.9404296875 0.29296875 0.939453125 0.29296875 0.9384765625 0.29296875 0.9375 0.29296875 0.9365234375 0.29296875 0.935546875 0.29296875 0.9345703125 0.29296875 0.93359375 0.29296875 0.9326171875 0.29296875 0.931640625 0.29296875 0.9306640625 0.29296875 0.9296875 0.29296875 0.9287109375 0.29296875 0.927734375 0.2919921875 0.9267578125 0.291015625 0.9267578125 0.2900390625 0.9267578125 0.2890625 0.9267578125 0.2880859375 0.9267578125 0.287109375 0.9267578125 0.2861328125 0.9267578125 0.28515625 0.9267578125 0.2841796875 0.9267578125 0.283203125 0.9267578125 0.2822265625 0.9267578125 0.28125 0.9267578125 0.2802734375 0.9267578125
0 0.935546875 0.9111328125 0.9345703125 0.912109375 0.93359375 0.9130859375 0.93359375 0.9140625 0.93359375 0.9150390625 0.93359375 0.916015625 0.93359375 0.9169921875 0.93359375 0.91796875 0.93359375 0.9189453125 0.93359375 0.919921875 0.93359375 0.9208984375 0.93359375 0.921875 0.93359375 0.9228515625 0.93359375 0.923828125 0.93359375 0.9248046875 0.93359375 0.92578125 0.9345703125 0.9267578125 0.935546875 0.9267578125 0.9365234375 0.9267578125 0.9375 0.9267578125 0.9384765625 0.9267578125 0.939453125 0.9267578125 0.9404296875 0.9267578125 0.94140625 0.9267578125 0.9423828125 0.9267578125 0.943359375 0.9267578125 0.9443359375 0.9267578125 0.9453125 0.9267578125 0.9462890625 0.9267578125 0.947265625 0.9267578125 0.9482421875 0.9267578125 0.94921875 0.9267578125 0.94921875 0.92578125 0.94921875 0.9248046875 0.94921875 0.923828125 0.94921875 0.9228515625 0.94921875 0.921875 0.94921875 0.9208984375 0.94921875 0.919921875 0.94921875 0.9189453125 0.94921875 0.91796875 0.94921875 0.9169921875 0.94921875 0.916015625 0.94921875 0.9150390625 0.94921875 0.9140625 0.94921875 0.9130859375 0.94921875 0.912109375 0.9482421875 0.9111328125 0.947265625 0.9111328125 0.9462890625 0.9111328125 0.9453125 0.9111328125 0.9443359375 0.9111328125 0.943359375 0.9111328125 0.9423828125 0.9111328125 0.94140625 0.9111328125 0.9404296875 0.9111328125 0.939453125 0.9111328125 0.9384765625 0.9111328125 0.9375 0.9111328125 0.9365234375 0.9111328125
0 0.060546875 0.6923828125 0.0595703125 0.693359375 0.05859375 0.6943359375 0.05859375 0.6953125 0.05859375 0.6962890625 0.05859375 0.697265625 0.05859375 0.6982421875 0.05859375 0.69921875 0.05859375 0.7001953125 0.05859375 0.701171875 0.05859375 0.7021484375 0.05859375 0.703125 0.05859375 0.7041015625 0.05859375 0.705078125 0.05859375 0.7060546875 0.05859375 0.70703125 0.0595703125 0.7080078125 0.060546875 0.7080078125 0.0615234375 0.7080078125 0.0625 0.7080078125 0.0634765625 0.7080078125 0.064453125 0.7080078125 0.0654296875 0.7080078125 0.06640625 0.7080078125 0.0673828125 0.7080078125 0.068359375 0.7080078125 0.0693359375 0.7080078125 0.0703125 0.7080078125 0.0712890625 0.7080078125 0.072265625 0.7080078125 0.0732421875 0.7080078125 0.07421875 0.7080078125 0.07421875 0.70703125 0.07421875 0.7060546875 0.07421875 0.705078125 0.07421875 0.7041015625 0.07421875 0.703125 0.07421875 0.7021484375 0.07421875 0.701171875 0.07421875 0.7001953125 0.07421875 0.69921875 0.07421875 0.6982421875 0.07421875 0.697265625 0.07421875 0.6962890625 0.07421875 0.6953125 0.07421875 0.6943359375 0.07421875 0.693359375 0.0732421875 0.6923828125 0.072265625 0.6923828125 0.0712890625 0.6923828125 0.0703125 0.6923828125 0.0693359375 0.6923828125 0.068359375 0.6923828125 0.0673828125 0.6923828125 0.06640625 0.6923828125 0.0654296875 0.6923828125 0.064453125 0.6923828125 0.0634765625 0.6923828125 0.0625 0.6923828125 0.0615234375 0.6923828125
0 0.029296875 0.4580078125 0.0283203125 0.458984375 0.02734375 0.4599609375 0.02734375 0.4609375 0.02734375 0.4619140625 0.02734375 0.462890625 0.02734375 0.4638671875 0.02734375 0.46484375 0.02734375 0.4658203125 0.02734375 0.466796875 0.02734375 0.4677734375 0.02734375 0.46875 0.02734375 0.4697265625 0.02734375 0.470703125 0.02734375 0.4716796875 0.02734375 0.47265625 0.0263671875 0.4736328125 0.025390625 0.4736328125 0.0244140625 0.4736328125 0.0234375 0.4736328125 0.0224609375 0.4736328125 0.021484375 0.4736328125 0.0205078125 0.4736328125 0.01953125 0.4736328125 0.0185546875 0.4736328125 0.017578125 0.4736328125 0.0166015625 0.4736328125 0.015625 0.4736328125 0.0146484375 0.4736328125 0.013671875 0.4736328125 0.0126953125 0.474609375 0.01171875 0.4755859375 0.01171875 0.4765625 0.01171875 0.4775390625 0.01171875 0.478515625 0.01171875 0.4794921875 0.01171875 0.48046875 0.01171875 0.4814453125 0.01171875 0.482421875 0.01171875 0.4833984375 0.01171875 0.484375 0.01171875 0.4853515625 0.01171875 0.486328125 0.01171875 0.4873046875 0.01171875 0.48828125 0.0126953125 0.4892578125 0.013671875 0.4892578125 0.0146484375 0.4892578125 0.015625 0.4892578125 0.0166015625 0.4892578125 0.017578125 0.4892578125 0.0185546875 0.4892578125 0.01953125 0.4892578125 0.0205078125 0.4892578125 0.021484375 0.4892578125 0.0224609375 0.4892578125 0.0234375 0.4892578125 0.0244140625 0.4892578125 0.025390625 0.4892578125 0.0263671875 0.4892578125 0.02734375 0.4892578125 0.02734375 0.48828125 0.02734375 0.4873046875 0.02734375 0.486328125 0.02734375 0.4853515625 0.02734375 0.484375 0.02734375 0.4833984375 0.02734375 0.482421875 0.02734375 0.4814453125 0.02734375 0.48046875 0.02734375 0.4794921875 0.02734375 0.478515625 0.02734375 0.4775390625 0.02734375 0.4765625 0.02734375 0.4755859375 0.02734375 0.4765625 0.02734375 0.4775390625 0.02734375 0.478515625 0.02734375 0.4794921875 0.02734375 0.48046875 0.02734375 0.4814453125 0.02734375 0.482421875 0.02734375 0.4833984375 0.02734375 0.484375 0.02734375 0.4853515625 0.02734375 0.486328125 0.02734375 0.4873046875 0.02734375 0.48828125 0.0263671875 0.4892578125 0.025390625 0.4892578125 0.0244140625 0.4892578125 0.0234375 0.4892578125 0.0224609375 0.4892578125 0.021484375 0.4892578125 0.0205078125 0.4892578125 0.01953125 0.4892578125 0.0185546875 0.4892578125 0.017578125 0.4892578125 0.0166015625 0.4892578125 0.015625 0.4892578125 0.0146484375 0.4892578125 0.013671875 0.4892578125 0.0126953125 0.4892578125 0.01171875 0.48828125 0.01171875 0.4873046875 0.01171875 0.486328125 0.01171875 0.4853515625 0.01171875 0.484375 0.01171875 0.4833984375 0.01171875 0.482421875 0.01171875 0.4814453125 0.01171875 0.48046875 0.01171875 0.4794921875 0.01171875 0.478515625 0.01171875 0.4775390625 0.01171875 0.4765625 0.01171875 0.4755859375 0.0126953125 0.474609375 0.013671875 0.4736328125 0.0146484375 0.4736328125 0.015625 0.4736328125 0.0166015625 0.4736328125 0.017578125 0.4736328125 0.0185546875 0.4736328125 0.01953125 0.4736328125 0.0205078125 0.4736328125 0.021484375 0.4736328125 0.0224609375 0.4736328125 0.0234375 0.4736328125 0.0244140625 0.4736328125 0.025390625 0.4736328125 0.0263671875 0.4736328125 0.02734375 0.47265625 0.02734375 0.4716796875 0.02734375 0.470703125 0.02734375 0.4697265625 0.02734375 0.46875 0.02734375 0.4677734375 0.02734375 0.466796875 0.02734375 0.4658203125 0.02734375 0.46484375 0.02734375 0.4638671875 0.02734375 0.462890625 0.02734375 0.4619140625 0.02734375 0.4609375 0.02734375 0.4599609375 0.0283203125 0.458984375 0.029296875 0.4580078125 0.0302734375 0.4580078125 0.03125 0.4580078125 0.0322265625 0.4580078125 0.033203125 0.4580078125 0.0341796875 0.4580078125 0.03515625 0.4580078125 0.0361328125 0.4580078125 0.037109375 0.4580078125 0.0380859375 0.4580078125 0.0390625 0.4580078125 0.0400390625 0.4580078125 0.041015625 0.4580078125 0.0419921875 0.4580078125 0.04296875 0.4580078125 0.0439453125 0.4580078125 0.044921875 0.4580078125 0.0458984375 0.4580078125 0.046875 0.4580078125 0.0478515625 0.4580078125 0.048828125 0.4580078125 0.0498046875 0.4580078125 0.05078125 0.4580078125 0.0517578125 0.4580078125 0.052734375 0.4580078125 0.0537109375 0.4580078125 0.0546875 0.4580078125 0.0556640625 0.4580078125 0.056640625 0.4580078125 0.0576171875 0.4580078125 0.05859375 0.458984375 0.05859375 0.4599609375 0.05859375 0.4609375 0.05859375 0.4619140625 0.05859375 0.462890625 0.05859375 0.4638671875 0.05859375 0.46484375 0.05859375 0.4658203125 0.05859375 0.466796875 0.05859375 0.4677734375 0.05859375 0.46875 0.05859375 0.4697265625 0.05859375 0.470703125 0.05859375 0.4716796875 0.05859375 0.47265625 0.0576171875 0.4736328125 0.056640625 0.4736328125 0.0556640625 0.4736328125 0.0546875 0.4736328125 0.0537109375 0.4736328125 0.052734375 0.4736328125 0.0517578125 0.4736328125 0.05078125 0.4736328125 0.0498046875 0.4736328125 0.048828125 0.4736328125 0.0478515625 0.4736328125 0.046875 0.4736328125 0.0458984375 0.4736328125 0.044921875 0.4736328125 0.0439453125 0.4736328125 0.04296875 0.4736328125 0.0419921875 0.4736328125 0.041015625 0.4736328125 0.0400390625 0.4736328125 0.0390625 0.4736328125 0.0380859375 0.4736328125 0.037109375 0.4736328125 0.0361328125 0.4736328125 0.03515625 0.4736328125 0.0341796875 0.4736328125 0.033203125 0.4736328125 0.0322265625 0.4736328125 0.03125 0.4736328125 0.0302734375 0.4736328125 0.029296875 0.4736328125 0.0302734375 0.4736328125 0.03125 0.4736328125 0.0322265625 0.4736328125 0.033203125 0.4736328125 0.0341796875 0.4736328125 0.03515625 0.4736328125 0.0361328125 0.4736328125 0.037109375 0.4736328125 0.0380859375 0.4736328125 0.0390625 0.4736328125 0.0400390625 0.4736328125 0.041015625 0.4736328125 0.0419921875 0.4736328125 0.04296875 0.4736328125 0.0439453125 0.4736328125 0.044921875 0.4736328125 0.0458984375 0.4736328125 0.046875 0.4736328125 0.0478515625 0.4736328125 0.048828125 0.4736328125 0.0498046875 0.4736328125 0.05078125 0.4736328125 0.0517578125 0.4736328125 0.052734375 0.4736328125 0.0537109375 0.4736328125 0.0546875 0.4736328125 0.0556640625 0.4736328125 0.056640625 0.4736328125 0.0576171875 0.4736328125 0.05859375 0.4736328125 0.05859375 0.47265625 0.05859375 0.4716796875 0.05859375 0.470703125 0.05859375 0.4697265625 0.05859375 0.46875 0.05859375 0.4677734375 0.05859375 0.466796875 0.05859375 0.4658203125 0.05859375 0.46484375 0.05859375 0.4638671875 0.05859375 0.462890625 0.05859375 0.4619140625 0.05859375 0.4609375 0.05859375 0.4599609375 0.05859375 0.458984375 0.0576171875 0.4580078125 0.056640625 0.4580078125 0.0556640625 0.4580078125 0.0546875 0.4580078125 0.0537109375 0.4580078125 0.052734375 0.4580078125 0.0517578125 0.4580078125 0.05078125 0.4580078125 0.0498046875 0.4580078125 0.048828125 0.4580078125 0.0478515625 0.4580078125 0.046875 0.4580078125 0.0458984375 0.4580078125 0.044921875 0.4580078125 0.0439453125 0.4580078125 0.04296875 0.4580078125 0.0419921875 0.4580078125 0.041015625 0.4580078125 0.0400390625 0.4580078125 0.0390625 0.4580078125 0.0380859375 0.4580078125 0.037109375 0.4580078125 0.0361328125 0.4580078125 0.03515625 0.4580078125 0.0341796875 0.4580078125 0.033203125 0.4580078125 0.0322265625 0.4580078125 0.03125 0.4580078125 0.0302734375 0.4580078125
0 0.044921875 0.3173828125 0.0439453125 0.318359375 0.04296875 0.3193359375 0.04296875 0.3203125 0.04296875 0.3212890625 0.04296875 0.322265625 0.04296875 0.3232421875 0.04296875 0.32421875 0.04296875 0.3251953125 0.04296875 0.326171875 0.04296875 0.3271484375 0.04296875 0.328125 0.04296875 0.3291015625 0.04296875 0.330078125 0.04296875 0.3310546875 0.04296875 0.33203125 0.04296875 0.3330078125 0.04296875 0.333984375 0.04296875 0.3349609375 0.04296875 0.3359375 0.04296875 0.3369140625 0.04296875 0.337890625 0.04296875 0.3388671875 0.04296875 0.33984375 0.04296875 0.3408203125 0.04296875 0.341796875 0.04296875 0.3427734375 0.04296875 0.34375 0.04296875 0.3447265625 0.04296875 0.345703125 0.04296875 0.3466796875 0.04296875 0.34765625 0.0439453125 0.3486328125 0.044921875 0.3486328125 0.0458984375 0.3486328125 0.046875 0.3486328125 0.0478515625 0.3486328125 0.048828125 0.3486328125 0.0498046875 0.3486328125 0.05078125 0.3486328125 0.0517578125 0.3486328125 0.052734375 0.3486328125 0.0537109375 0.3486328125 0.0546875 0.3486328125 0.0556640625 0.3486328125 0.056640625 0.3486328125 0.0576171875 0.3486328125 0.05859375 0.3486328125 0.05859375 0.34765625 0.05859375 0.3466796875 0.05859375 0.345703125 0.05859375 0.3447265625 0.05859375 0.34375 0.05859375 0.3427734375 0.05859375 0.341796875 0.05859375 0.3408203125 0.05859375 0.33984375 0.05859375 0.3388671875 0.05859375 0.337890625 0.05859375 0.3369140625 0.05859375 0.3359375 0.05859375 0.3349609375 0.05859375 0.333984375 0.05859375 0.3330078125 0.05859375 0.33203125 0.05859375 0.3310546875 0.05859375 0.330078125 0.05859375 0.3291015625 0.05859375 0.328125 0.05859375 0.3271484375 0.05859375 0.326171875 0.05859375 0.3251953125 0.05859375 0.32421875 0.05859375 0.3232421875 0.05859375 0.322265625 0.05859375 0.3212890625 0.05859375 0.3203125 0.05859375 0.3193359375 0.05859375 0.318359375 0.0576171875 0.3173828125 0.056640625 0.3173828125 0.0556640625 0.3173828125 0.0546875 0.3173828125 0.0537109375 0.3173828125 0.052734375 0.3173828125 0.0517578125 0.3173828125 0.05078125 0.3173828125 0.0498046875 0.3173828125 0.048828125 0.3173828125 0.0478515625 0.3173828125 0.046875 0.3173828125 0.0458984375 0.3173828125
0 0.013671875 0.3173828125 0.0126953125 0.318359375 0.01171875 0.3193359375 0.01171875 0.3203125 0.01171875 0.3212890625 0.01171875 0.322265625 0.01171875 0.3232421875 0.01171875 0.32421875 0.01171875 0.3251953125 0.01171875 0.326171875 0.01171875 0.3271484375 0.01171875 0.328125 0.01171875 0.3291015625 0.01171875 0.330078125 0.01171875 0.3310546875 0.01171875 0.33203125 0.0126953125 0.3330078125 0.013671875 0.3330078125 0.0146484375 0.3330078125 0.015625 0.3330078125 0.0166015625 0.3330078125 0.017578125 0.3330078125 0.0185546875 0.3330078125 0.01953125 0.3330078125 0.0205078125 0.3330078125 0.021484375 0.3330078125 0.0224609375 0.3330078125 0.0234375 0.3330078125 0.0244140625 0.3330078125 0.025390625 0.3330078125 0.0263671875 0.3330078125 0.02734375 0.3330078125 0.02734375 0.33203125 0.02734375 0.3310546875 0.02734375 0.330078125 0.02734375 0.3291015625 0.02734375 0.328125 0.02734375 0.3271484375 0.02734375 0.326171875 0.02734375 0.3251953125 0.02734375 0.32421875 0.02734375 0.3232421875 0.02734375 0.322265625 0.02734375 0.3212890625 0.02734375 0.3203125 0.02734375 0.3193359375 0.02734375 0.318359375 0.0263671875 0.3173828125 0.025390625 0.3173828125 0.0244140625 0.3173828125 0.0234375 0.3173828125 0.0224609375 0.3173828125 0.021484375 0.3173828125 0.0205078125 0.3173828125 0.01953125 0.3173828125 0.0185546875 0.3173828125 0.017578125 0.3173828125 0.0166015625 0.3173828125 0.015625 0.3173828125 0.0146484375 0.3173828125
0 0.279296875 0.1611328125 0.2783203125 0.162109375 0.27734375 0.1630859375 0.27734375 0.1640625 0.27734375 0.1650390625 0.27734375 0.166015625 0.27734375 0.1669921875 0.27734375 0.16796875 0.27734375 0.1689453125 0.27734375 0.169921875 0.27734375 0.1708984375 0.27734375 0.171875 0.27734375 0.1728515625 0.27734375 0.173828125 0.27734375 0.1748046875 0.27734375 0.17578125 0.2783203125 0.1767578125 0.279296875 0.1767578125 0.2802734375 0.1767578125 0.28125 0.1767578125 0.2822265625 0.1767578125 0.283203125 0.1767578125 0.2841796875 0.1767578125 0.28515625 0.1767578125 0.2861328125 0.1767578125 0.287109375 0.1767578125 0.2880859375 0.1767578125 0.2890625 0.1767578125 0.2900390625 0.1767578125 0.291015625 0.1767578125 0.2919921875 0.1767578125 0.29296875 0.1767578125 0.29296875 0.17578125 0.29296875 0.1748046875 0.29296875 0.173828125 0.29296875 0.1728515625 0.29296875 0.171875 0.29296875 0.1708984375 0.29296875 0.169921875 0.29296875 0.1689453125 0.29296875 0.16796875 0.29296875 0.1669921875 0.29296875 0.166015625 0.29296875 0.1650390625 0.29296875 0.1640625 0.29296875 0.1630859375 0.29296875 0.162109375 0.2919921875 0.1611328125 0.291015625 0.1611328125 0.2900390625 0.1611328125 0.2890625 0.1611328125 0.2880859375 0.1611328125 0.287109375 0.1611328125 0.2861328125 0.1611328125 0.28515625 0.1611328125 0.2841796875 0.1611328125 0.283203125 0.1611328125 0.2822265625 0.1611328125 0.28125 0.1611328125 0.2802734375 0.1611328125
0 0.732421875 0.0361328125 0.7314453125 0.037109375 0.73046875 0.0380859375 0.73046875 0.0390625 0.73046875 0.0400390625 0.73046875 0.041015625 0.73046875 0.0419921875 0.73046875 0.04296875 0.73046875 0.0439453125 0.73046875 0.044921875 0.73046875 0.0458984375 0.73046875 0.046875 0.73046875 0.0478515625 0.73046875 0.048828125 0.73046875 0.0498046875 0.73046875 0.05078125 0.7314453125 0.0517578125 0.732421875 0.0517578125 0.7333984375 0.0517578125 0.734375 0.0517578125 0.7353515625 0.0517578125 0.736328125 0.0517578125 0.7373046875 0.0517578125 0.73828125 0.0517578125 0.7392578125 0.0517578125 0.740234375 0.0517578125 0.7412109375 0.0517578125 0.7421875 0.0517578125 0.7431640625 0.0517578125 0.744140625 0.0517578125 0.7451171875 0.0517578125 0.74609375 0.0517578125 0.7470703125 0.0517578125 0.748046875 0.0517578125 0.7490234375 0.0517578125 0.75 0.0517578125 0.7509765625 0.0517578125 0.751953125 0.0517578125 0.7529296875 0.0517578125 0.75390625 0.0517578125 0.7548828125 0.0517578125 0.755859375 0.0517578125 0.7568359375 0.0517578125 0.7578125 0.0517578125 0.7587890625 0.0517578125 0.759765625 0.0517578125 0.7607421875 0.0517578125 0.76171875 0.0517578125 0.76171875 0.05078125 0.76171875 0.0498046875 0.76171875 0.048828125 0.76171875 0.0478515625 0.76171875 0.046875 0.76171875 0.0458984375 0.76171875 0.044921875 0.76171875 0.0439453125 0.76171875 0.04296875 0.76171875 0.0419921875 0.76171875 0.041015625 0.76171875 0.0400390625 0.76171875 0.0390625 0.76171875 0.0380859375 0.76171875 0.037109375 0.7607421875 0.0361328125 0.759765625 0.0361328125 0.7587890625 0.0361328125 0.7578125 0.0361328125 0.7568359375 0.0361328125 0.755859375 0.0361328125 0.7548828125 0.0361328125 0.75390625 0.0361328125 0.7529296875 0.0361328125 0.751953125 0.0361328125 0.7509765625 0.0361328125 0.75 0.0361328125 0.7490234375 0.0361328125 0.748046875 0.0361328125 0.7470703125 0.0361328125 0.74609375 0.0361328125 0.7451171875 0.0361328125 0.744140625 0.0361328125 0.7431640625 0.0361328125 0.7421875 0.0361328125 0.7412109375 0.0361328125 0.740234375 0.0361328125 0.7392578125 0.0361328125 0.73828125 0.0361328125 0.7373046875 0.0361328125 0.736328125 0.0361328125 0.7353515625 0.0361328125 0.734375 0.0361328125 0.7333984375 0.0361328125
0 0.435546875 0.0205078125 0.4345703125 0.021484375 0.43359375 0.0224609375 0.43359375 0.0234375 0.43359375 0.0244140625 0.43359375 0.025390625 0.43359375 0.0263671875 0.43359375 0.02734375 0.43359375 0.0283203125 0.43359375 0.029296875 0.43359375 0.0302734375 0.43359375 0.03125 0.43359375 0.0322265625 0.43359375 0.033203125 0.43359375 0.0341796875 0.43359375 0.03515625 0.4345703125 0.0361328125 0.435546875 0.0361328125 0.4365234375 0.0361328125 0.4375 0.0361328125 0.4384765625 0.0361328125 0.439453125 0.0361328125 0.4404296875 0.0361328125 0.44140625 0.0361328125 0.4423828125 0.0361328125 0.443359375 0.0361328125 0.4443359375 0.0361328125 0.4453125 0.0361328125 0.4462890625 0.0361328125 0.447265625 0.0361328125 0.4482421875 0.0361328125 0.44921875 0.0361328125 0.44921875 0.03515625 0.44921875 0.0341796875 0.44921875 0.033203125 0.44921875 0.0322265625 0.44921875 0.03125 0.44921875 0.0302734375 0.44921875 0.029296875 0.44921875 0.0283203125 0.44921875 0.02734375 0.44921875 0.0263671875 0.44921875 0.025390625 0.44921875 0.0244140625 0.44921875 0.0234375 0.44921875 0.0224609375 0.44921875 0.021484375 0.4482421875 0.0205078125 0.447265625 0.0205078125 0.4462890625 0.0205078125 0.4453125 0.0205078125 0.4443359375 0.0205078125 0.443359375 0.0205078125 0.4423828125 0.0205078125 0.44140625 0.0205078125 0.4404296875 0.0205078125 0.439453125 0.0205078125 0.4384765625 0.0205078125 0.4375 0.0205078125 0.4365234375 0.0205078125
