0 0.9501953125 0.9677734375 0.94921875 0.96875 0.9482421875 0.9697265625 0.9482421875 0.970703125 0.9482421875 0.9716796875 0.9482421875 0.97265625 0.9482421875 0.9736328125 0.9482421875 0.974609375 0.9482421875 0.9755859375 0.9482421875 0.9765625 0.9482421875 0.9775390625 0.9482421875 0.978515625 0.9482421875 0.9794921875 0.9482421875 0.98046875 0.9482421875 0.9814453125 0.9482421875 0.982421875 0.947265625 0.9833984375 0.9462890625 0.9833984375 0.9453125 0.9833984375 0.9443359375 0.9833984375 0.943359375 0.9833984375 0.9423828125 0.9833984375 0.94140625 0.9833984375 0.9404296875 0.9833984375 0.939453125 0.9833984375 0.9384765625 0.9833984375 0.9375 0.9833984375 0.9365234375 0.9833984375 0.935546875 0.9833984375 0.9345703125 0.9833984375 0.93359375 0.984375 0.9326171875 0.9853515625 0.9326171875 0.986328125 0.9326171875 0.9873046875 0.9326171875 0.98828125 0.9326171875 0.9892578125 0.9326171875 0.990234375 0.9326171875 0.9912109375 0.9326171875 0.9921875 0.9326171875 0.9931640625 0.9326171875 0.994140625 0.9326171875 0.9951171875 0.9326171875 0.99609375 0.9326171875 0.9970703125 0.9326171875 0.998046875 0.9326171875 0.9990234375 0.9326171875 0.998046875 0.9326171875 0.9970703125 0.9326171875 0.99609375 0.9326171875 0.9951171875 0.9326171875 0.994140625 0.9326171875 0.9931640625 0.9326171875 0.9921875 0.9326171875 0.9912109375 0.9326171875 0.990234375 0.9326171875 0.9892578125 0.9326171875 0.98828125 0.9326171875 0.9873046875 0.9326171875 0.986328125 0.9326171875 0.9853515625 0.93359375 0.984375 0.9345703125 0.9833984375 0.935546875 0.9833984375 0.9365234375 0.9833984375 0.9375 0.9833984375 0.9384765625 0.9833984375 0.939453125 0.9833984375 0.9404296875 0.9833984375 0.94140625 0.9833984375 0.9423828125 0.9833984375 0.943359375 0.9833984375 0.9443359375 0.9833984375 0.9453125 0.9833984375 0.9462890625 0.9833984375 0.947265625 0.9833984375 0.9482421875 0.9833984375 0.9482421875 0.982421875 0.9482421875 0.9814453125 0.9482421875 0.98046875 0.9482421875 0.9794921875 0.9482421875 0.978515625 0.9482421875 0.9775390625 0.9482421875 0.9765625 0.9482421875 0.9755859375 0.9482421875 0.974609375 0.9482421875 0.9736328125 0.9482421875 0.97265625 0.9482421875 0.9716796875 0.9482421875 0.970703125 0.9482421875 0.9697265625 0.94921875 0.96875 0.9501953125 0.9677734375 0.951171875 0.9677734375 0.9521484375 0.9677734375 0.953125 0.9677734375 0.9541015625 0.9677734375 0.955078125 0.9677734375 0.9560546875 0.9677734375 0.95703125 0.9677734375 0.9580078125 0.9677734375 0.958984375 0.9677734375 0.9599609375 0.9677734375 0.9609375 0.9677734375 0.9619140625 0.9677734375 0.962890625 0.9677734375 0.9638671875 0.96875 0.9638671875 0.9697265625 0.9638671875 0.970703125 0.9638671875 0.9716796875 0.9638671875 0.97265625 0.9638671875 0.9736328125 0.9638671875 0.974609375 0.9638671875 0.9755859375 0.9638671875 0.9765625 0.9638671875 0.9775390625 0.9638671875 0.978515625 0.9638671875 0.9794921875 0.9638671875 0.98046875 0.9638671875 0.9814453125 0.9638671875 0.982421875 0.9638671875 0.9833984375 0.9638671875 0.984375 0.9638671875 0.9853515625 0.9638671875 0.986328125 0.9638671875 0.9873046875 0.9638671875 0.98828125 0.9638671875 0.9892578125 0.9638671875 0.990234375 0.9638671875 0.9912109375 0.9638671875 0.9921875 0.9638671875 0.9931640625 0.9638671875 0.994140625 0.9638671875 0.9951171875 0.9638671875 0.99609375 0.9638671875 0.9970703125 0.9638671875 0.998046875 0.9638671875 0.9990234375 0.9638671875 0.998046875 0.9638671875 0.9970703125 0.9638671875 0.99609375 0.9638671875 0.9951171875 0.9638671875 0.994140625 0.9638671875 0.9931640625 0.9638671875 0.9921875 0.9638671875 0.9912109375 0.9638671875 0.990234375 0.9638671875 0.9892578125 0.9638671875 0.98828125 0.9638671875 0.9873046875 0.9638671875 0.986328125 0.9638671875 0.9853515625 0.9638671875 0.984375 0.9638671875 0.9833984375 0.9638671875 0.982421875 0.9638671875 0.9814453125 0.9638671875 0.98046875 0.9638671875 0.9794921875 0.9638671875 0.978515625 0.9638671875 0.9775390625 0.9638671875 0.9765625 0.9638671875 0.9755859375 0.9638671875 0.974609375 0.9638671875 0.9736328125 0.9638671875 0.97265625 0.9638671875 0.9716796875 0.9638671875 0.970703125 0.9638671875 0.9697265625 0.9638671875 0.96875 0.962890625 0.9677734375 0.9619140625 0.9677734375 0.9609375 0.9677734375 0.9599609375 0.9677734375 0.958984375 0.9677734375 0.9580078125 0.9677734375 0.95703125 0.9677734375 0.9560546875 0.9677734375 0.955078125 0.9677734375 0.9541015625 0.9677734375 0.953125 0.9677734375 0.9521484375 0.9677734375 0.951171875 0.9677734375
0 0.9814453125 0.9365234375 0.98046875 0.9375 0.9794921875 0.9384765625 0.9794921875 0.939453125 0.9794921875 0.9404296875 0.9794921875 0.94140625 0.9794921875 0.9423828125 0.9794921875 0.943359375 0.9794921875 0.9443359375 0.9794921875 0.9453125 0.9794921875 0.9462890625 0.9794921875 0.947265625 0.9794921875 0.9482421875 0.9794921875 0.94921875 0.9794921875 0.9501953125 0.9794921875 0.951171875 0.98046875 0.9521484375 0.9814453125 0.9521484375 0.982421875 0.9521484375 0.9833984375 0.9521484375 0.984375 0.9521484375 0.9853515625 0.9521484375 0.986328125 0.9521484375 0.9873046875 0.9521484375 0.98828125 0.9521484375 0.9892578125 0.9521484375 0.990234375 0.9521484375 0.9912109375 0.9521484375 0.9921875 0.9521484375 0.9931640625 0.9521484375 0.994140625 0.9521484375 0.9951171875 0.9521484375 0.9951171875 0.951171875 0.9951171875 0.9501953125 0.9951171875 0.94921875 0.9951171875 0.9482421875 0.9951171875 0.947265625 0.9951171875 0.9462890625 0.9951171875 0.9453125 0.9951171875 0.9443359375 0.9951171875 0.943359375 0.9951171875 0.9423828125 0.9951171875 0.94140625 0.9951171875 0.9404296875 0.9951171875 0.939453125 0.9951171875 0.9384765625 0.9951171875 0.9375 0.994140625 0.9365234375 0.9931640625 0.9365234375 0.9921875 0.9365234375 0.9912109375 0.9365234375 0.990234375 0.9365234375 0.9892578125 0.9365234375 0.98828125 0.9365234375 0.9873046875 0.9365234375 0.986328125 0.9365234375 0.9853515625 0.9365234375 0.984375 0.9365234375 0.9833984375 0.9365234375 0.982421875 0.9365234375
0 0.7001953125 0.9208984375 0.69921875 0.921875 0.6982421875 0.9228515625 0.6982421875 0.923828125 0.6982421875 0.9248046875 0.6982421875 0.92578125 0.6982421875 0.9267578125 0.6982421875 0.927734375 0.6982421875 0.9287109375 0.6982421875 0.9296875 0.6982421875 0.9306640625 0.6982421875 0.931640625 0.6982421875 0.9326171875 0.6982421875 0.93359375 0.6982421875 0.9345703125 0.6982421875 0.935546875 0.69921875 0.9365234375 0.7001953125 0.9365234375 0.701171875 0.9365234375 0.7021484375 0.9365234375 0.703125 0.9365234375 0.7041015625 0.9365234375 0.705078125 0.9365234375 0.7060546875 0.9365234375 0.70703125 0.9365234375 0.7080078125 0.9365234375 0.708984375 0.9365234375 0.7099609375 0.9365234375 0.7109375 0.9365234375 0.7119140625 0.9365234375 0.712890625 0.9365234375 0.7138671875 0.9365234375 0.7138671875 0.935546875 0.7138671875 0.9345703125 0.7138671875 0.93359375 0.7138671875 0.9326171875 0.7138671875 0.931640625 0.7138671875 0.9306640625 0.7138671875 0.9296875 0.7138671875 0.9287109375 0.7138671875 0.927734375 0.7138671875 0.9267578125 0.7138671875 0.92578125 0.7138671875 0.9248046875 0.7138671875 0.923828125 0.7138671875 0.9228515625 0.7138671875 0.921875 0.712890625 0.9208984375 0.7119140625 0.9208984375 0.7109375 0.9208984375 0.7099609375 0.9208984375 0.708984375 0.9208984375 0.7080078125 0.9208984375 0.70703125 0.9208984375 0.7060546875 0.9208984375 0.705078125 0.9208984375 0.7041015625 0.9208984375 0.703125 0.9208984375 0.7021484375 0.9208984375 0.701171875 0.9208984375
0 0.9501953125 0.8583984375 0.94921875 0.859375 0.9482421875 0.8603515625 0.9482421875 0.861328125 0.9482421875 0.8623046875 0.9482421875 0.86328125 0.9482421875 0.8642578125 0.9482421875 0.865234375 0.9482421875 0.8662109375 0.9482421875 0.8671875 0.9482421875 0.8681640625 0.9482421875 0.869140625 0.9482421875 0.8701171875 0.9482421875 0.87109375 0.9482421875 0.8720703125 0.9482421875 0.873046875 0.94921875 0.8740234375 0.9501953125 0.8740234375 0.951171875 0.8740234375 0.9521484375 0.8740234375 0.953125 0.8740234375 0.9541015625 0.8740234375 0.955078125 0.8740234375 0.9560546875 0.8740234375 0.95703125 0.8740234375 0.9580078125 0.8740234375 0.958984375 0.8740234375 0.9599609375 0.8740234375 0.9609375 0.8740234375 0.9619140625 0.8740234375 0.962890625 0.8740234375 0.9638671875 0.8740234375 0.9638671875 0.873046875 0.9638671875 0.8720703125 0.9638671875 0.87109375 0.9638671875 0.8701171875 0.9638671875 0.869140625 0.9638671875 0.8681640625 0.9638671875 0.8671875 0.9638671875 0.8662109375 0.9638671875 0.865234375 0.9638671875 0.8642578125 0.9638671875 0.86328125 0.9638671875 0.8623046875 0.9638671875 0.861328125 0.9638671875 0.8603515625 0.9638671875 0.859375 0.962890625 0.8583984375 0.9619140625 0.8583984375 0.9609375 0.8583984375 0.9599609375 0.8583984375 0.958984375 0.8583984375 0.9580078125 0.8583984375 0.95703125 0.8583984375 0.9560546875 0.8583984375 0.955078125 0.8583984375 0.9541015625 0.8583984375 0.953125 0.8583984375 0.9521484375 0.8583984375 0.951171875 0.8583984375
0 0.7470703125 0.8427734375 0.74609375 0.84375 0.7451171875 0.8447265625 0.7451171875 0.845703125 0.7451171875 0.8466796875 0.7451171875 0.84765625 0.7451171875 0.8486328125 0.7451171875 0.849609375 0.7451171875 0.8505859375 0.7451171875 0.8515625 0.7451171875 0.8525390625 0.7451171875 0.853515625 0.7451171875 0.8544921875 0.7451171875 0.85546875 0.7451171875 0.8564453125 0.7451171875 0.857421875 0.74609375 0.8583984375 0.7470703125 0.8583984375 0.748046875 0.8583984375 0.7490234375 0.8583984375 0.75 0.8583984375 0.7509765625 0.8583984375 0.751953125 0.8583984375 0.7529296875 0.8583984375 0.75390625 0.8583984375 0.7548828125 0.8583984375 0.755859375 0.8583984375 0.7568359375 0.8583984375 0.7578125 0.8583984375 0.7587890625 0.8583984375 0.759765625 0.8583984375 0.7607421875 0.8583984375 0.7607421875 0.857421875 0.7607421875 0.8564453125 0.7607421875 0.85546875 0.7607421875 0.8544921875 0.7607421875 0.853515625 0.7607421875 0.8525390625 0.7607421875 0.8515625 0.7607421875 0.8505859375 0.7607421875 0.849609375 0.7607421875 0.8486328125 0.7607421875 0.84765625 0.7607421875 0.8466796875 0.7607421875 0.845703125 0.7607421875 0.8447265625 0.7607421875 0.84375 0.759765625 0.8427734375 0.7587890625 0.8427734375 0.7578125 0.8427734375 0.7568359375 0.8427734375 0.755859375 0.8427734375 0.7548828125 0.8427734375 0.75390625 0.8427734375 0.7529296875 0.8427734375 0.751953125 0.8427734375 0.7509765625 0.8427734375 0.75 0.8427734375 0.7490234375 0.8427734375 0.748046875 0.8427734375
0 0.7939453125 0.8115234375 0.79296875 0.8125 0.7919921875 0.8134765625 0.7919921875 0.814453125 0.7919921875 0.8154296875 0.7919921875 0.81640625 0.7919921875 0.8173828125 0.7919921875 0.818359375 0.7919921875 0.8193359375 0.7919921875 0.8203125 0.7919921875 0.8212890625 0.7919921875 0.822265625 0.7919921875 0.8232421875 0.7919921875 0.82421875 0.7919921875 0.8251953125 0.7919921875 0.826171875 0.79296875 0.8271484375 0.7939453125 0.8271484375 0.794921875 0.8271484375 0.7958984375 0.8271484375 0.796875 0.8271484375 0.7978515625 0.8271484375 0.798828125 0.8271484375 0.7998046875 0.8271484375 0.80078125 0.8271484375 0.8017578125 0.8271484375 0.802734375 0.8271484375 0.8037109375 0.8271484375 0.8046875 0.8271484375 0.8056640625 0.8271484375 0.806640625 0.8271484375 0.8076171875 0.828125 0.8076171875 0.8291015625 0.8076171875 0.830078125 0.8076171875 0.8310546875 0.8076171875 0.83203125 0.8076171875 0.8330078125 0.8076171875 0.833984375 0.8076171875 0.8349609375 0.8076171875 0.8359375 0.8076171875 0.8369140625 0.8076171875 0.837890625 0.8076171875 0.8388671875 0.8076171875 0.83984375 0.8076171875 0.8408203125 0.8076171875 0.841796875 0.80859375 0.8427734375 0.8095703125 0.8427734375 0.810546875 0.8427734375 0.8115234375 0.8427734375 0.8125 0.8427734375 0.8134765625 0.8427734375 0.814453125 0.8427734375 0.8154296875 0.8427734375 0.81640625 0.8427734375 0.8173828125 0.8427734375 0.818359375 0.8427734375 0.8193359375 0.8427734375 0.8203125 0.8427734375 0.8212890625 0.8427734375 0.822265625 0.8427734375 0.8232421875 0.8427734375 0.8232421875 0.841796875 0.8232421875 0.8408203125 0.8232421875 0.83984375 0.8232421875 0.8388671875 0.8232421875 0.837890625 0.8232421875 0.8369140625 0.8232421875 0.8359375 0.8232421875 0.8349609375 0.8232421875 0.833984375 0.8232421875 0.8330078125 0.8232421875 0.83203125 0.8232421875 0.8310546875 0.8232421875 0.830078125 0.8232421875 0.8291015625 0.8232421875 0.828125 0.8232421875 0.8271484375 0.8232421875 0.826171875 0.8232421875 0.8251953125 0.8232421875 0.82421875 0.8232421875 0.8232421875 0.8232421875 0.822265625 0.8232421875 0.8212890625 0.8232421875 0.8203125 0.8232421875 0.8193359375 0.8232421875 0.818359375 0.8232421875 0.8173828125 0.8232421875 0.81640625 0.8232421875 0.8154296875 0.8232421875 0.814453125 0.8232421875 0.8134765625 0.8232421875 0.8125 0.822265625 0.8115234375 0.8212890625 0.8115234375 0.8203125 0.8115234375 0.8193359375 0.8115234375 0.818359375 0.8115234375 0.8173828125 0.8115234375 0.81640625 0.8115234375 0.8154296875 0.8115234375 0.814453125 0.8115234375 0.8134765625 0.8115234375 0.8125 0.8115234375 0.8115234375 0.8115234375 0.810546875 0.8115234375 0.8095703125 0.8115234375 0.80859375 0.8115234375 0.8076171875 0.8115234375 0.806640625 0.8115234375 0.8056640625 0.8115234375 0.8046875 0.8115234375 0.8037109375 0.8115234375 0.802734375 0.8115234375 0.8017578125 0.8115234375 0.80078125 0.8115234375 0.7998046875 0.8115234375 0.798828125 0.8115234375 0.7978515625 0.8115234375 0.796875 0.8115234375 0.7958984375 0.8115234375 0.794921875 0.8115234375
0 0.9970703125 0.7802734375 0.99609375 0.78125 0.9951171875 0.7822265625 0.9951171875 0.783203125 0.9951171875 0.7841796875 0.9951171875 0.78515625 0.9951171875 0.7861328125 0.9951171875 0.787109375 0.9951171875 0.7880859375 0.9951171875 0.7890625 0.9951171875 0.7900390625 0.9951171875 0.791015625 0.9951171875 0.7919921875 0.9951171875 0.79296875 0.9951171875 0.7939453125 0.9951171875 0.794921875 0.99609375 0.7958984375 0.9970703125 0.7958984375 0.998046875 0.7958984375 0.9990234375 0.7958984375 0.998046875 0.7958984375 0.9970703125 0.7958984375 0.99609375 0.7958984375 0.9951171875 0.794921875 0.9951171875 0.7939453125 0.9951171875 0.79296875 0.9951171875 0.7919921875 0.9951171875 0.791015625 0.9951171875 0.7900390625 0.9951171875 0.7890625 0.9951171875 0.7880859375 0.9951171875 0.787109375 0.9951171875 0.7861328125 0.9951171875 0.78515625 0.9951171875 0.7841796875 0.9951171875 0.783203125 0.9951171875 0.7822265625 0.99609375 0.78125 0.9970703125 0.7802734375 0.998046875 0.7802734375 0.9990234375 0.7802734375 0.998046875 0.7802734375
0 0.9658203125 0.7802734375 0.96484375 0.78125 0.9638671875 0.7822265625 0.9638671875 0.783203125 0.9638671875 0.7841796875 0.9638671875 0.78515625 0.9638671875 0.7861328125 0.9638671875 0.787109375 0.9638671875 0.7880859375 0.9638671875 0.7890625 0.9638671875 0.7900390625 0.9638671875 0.791015625 0.9638671875 0.7919921875 0.9638671875 0.79296875 0.9638671875 0.7939453125 0.9638671875 0.794921875 0.96484375 0.7958984375 0.9658203125 0.7958984375 0.966796875 0.7958984375 0.9677734375 0.7958984375 0.96875 0.7958984375 0.9697265625 0.7958984375 0.970703125 0.7958984375 0.9716796875 0.7958984375 0.97265625 0.7958984375 0.9736328125 0.7958984375 0.974609375 0.7958984375 0.9755859375 0.7958984375 0.9765625 0.7958984375 0.9775390625 0.7958984375 0.978515625 0.7958984375 0.9794921875 0.7958984375 0.9794921875 0.794921875 0.9794921875 0.7939453125 0.9794921875 0.79296875 0.9794921875 0.7919921875 0.9794921875 0.791015625 0.9794921875 0.7900390625 0.9794921875 0.7890625 0.9794921875 0.7880859375 0.9794921875 0.787109375 0.9794921875 0.7861328125 0.9794921875 0.78515625 0.9794921875 0.7841796875 0.9794921875 0.783203125 0.9794921875 0.7822265625 0.9794921875 0.78125 0.978515625 0.7802734375 0.9775390625 0.7802734375 0.9765625 0.7802734375 0.9755859375 0.7802734375 0.974609375 0.7802734375 0.9736328125 0.7802734375 0.97265625 0.7802734375 0.9716796875 0.7802734375 0.970703125 0.7802734375 0.9697265625 0.7802734375 0.96875 0.7802734375 0.9677734375 0.7802734375 0.966796875 0.7802734375
0 0.5126953125 0.7333984375 0.51171875 0.734375 0.5107421875 0.7353515625 0.5107421875 0.736328125 0.5107421875 0.7373046875 0.5107421875 0.73828125 0.5107421875 0.7392578125 0.5107421875 0.740234375 0.5107421875 0.7412109375 0.5107421875 0.7421875 0.5107421875 0.7431640625 0.5107421875 0.744140625 0.5107421875 0.7451171875 0.5107421875 0.74609375 0.5107421875 0.7470703125 0.5107421875 0.748046875 0.51171875 0.7490234375 0.5126953125 0.7490234375 0.513671875 0.7490234375 0.5146484375 0.7490234375 0.515625 0.7490234375 0.5166015625 0.7490234375 0.517578125 0.7490234375 0.5185546875 0.7490234375 0.51953125 0.7490234375 0.5205078125 0.7490234375 0.521484375 0.7490234375 0.5224609375 0.7490234375 0.5234375 0.7490234375 0.5244140625 0.7490234375 0.525390625 0.7490234375 0.5263671875 0.7490234375 0.5263671875 0.748046875 0.5263671875 0.7470703125 0.5263671875 0.74609375 0.5263671875 0.7451171875 0.5263671875 0.744140625 0.5263671875 0.7431640625 0.5263671875 0.7421875 0.5263671875 0.7412109375 0.5263671875 0.740234375 0.5263671875 0.7392578125 0.5263671875 0.73828125 0.5263671875 0.7373046875 0.5263671875 0.736328125 0.5263671875 0.7353515625 0.5263671875 0.734375 0.525390625 0.7333984375 0.5244140625 0.7333984375 0.5234375 0.7333984375 0.5224609375 0.7333984375 0.521484375 0.7333984375 0.5205078125 0.7333984375 0.51953125 0.7333984375 0.5185546875 0.7333984375 0.517578125 0.7333984375 0.5166015625 0.7333984375 0.515625 0.7333984375 0.5146484375 0.7333984375 0.513671875 0.7333984375
0 0.4189453125 0.5927734375 0.41796875 0.59375 0.4169921875 0.5947265625 0.4169921875 0.595703125 0.4169921875 0.5966796875 0.4169921875 0.59765625 0.4169921875 0.5986328125 0.4169921875 0.599609375 0.4169921875 0.6005859375 0.4169921875 0.6015625 0.4169921875 0.6025390625 0.4169921875 0.603515625 0.4169921875 0.6044921875 0.4169921875 0.60546875 0.4169921875 0.6064453125 0.4169921875 0.607421875 0.416015625 0.6083984375 0.4150390625 0.6083984375 0.4140625 0.6083984375 0.4130859375 0.6083984375 0.412109375 0.6083984375 0.4111328125 0.6083984375 0.41015625 0.6083984375 0.4091796875 0.6083984375 0.408203125 0.6083984375 0.4072265625 0.6083984375 0.40625 0.6083984375 0.4052734375 0.6083984375 0.404296875 0.6083984375 0.4033203125 0.6083984375 0.40234375 0.609375 0.4013671875 0.6103515625 0.4013671875 0.611328125 0.4013671875 0.6123046875 0.4013671875 0.61328125 0.4013671875 0.6142578125 0.4013671875 0.615234375 0.4013671875 0.6162109375 0.4013671875 0.6171875 0.4013671875 0.6181640625 0.4013671875 0.619140625 0.4013671875 0.6201171875 0.4013671875 0.62109375 0.4013671875 0.6220703125 0.4013671875 0.623046875 0.40234375 0.6240234375 0.4033203125 0.6240234375 0.404296875 0.6240234375 0.4052734375 0.6240234375 0.40625 0.6240234375 0.4072265625 0.6240234375 0.408203125 0.6240234375 0.4091796875 0.6240234375 0.41015625 0.6240234375 0.4111328125 0.6240234375 0.412109375 0.6240234375 0.4130859375 0.6240234375 0.4140625 0.6240234375 0.4150390625 0.6240234375 0.416015625 0.6240234375 0.4169921875 0.6240234375 0.4169921875 0.623046875 0.4169921875 0.6220703125 0.4169921875 0.62109375 0.4169921875 0.6201171875 0.4169921875 0.619140625 0.4169921875 0.6181640625 0.4169921875 0.6171875 0.4169921875 0.6162109375 0.4169921875 0.615234375 0.4169921875 0.6142578125 0.4169921875 0.61328125 0.4169921875 0.6123046875 0.4169921875 0.611328125 0.4169921875 0.6103515625 0.4169921875 0.611328125 0.4169921875 0.6123046875 0.4169921875 0.61328125 0.4169921875 0.6142578125 0.4169921875 0.615234375 0.4169921875 0.6162109375 0.4169921875 0.6171875 0.4169921875 0.6181640625 0.4169921875 0.619140625 0.4169921875 0.6201171875 0.4169921875 0.62109375 0.4169921875 0.6220703125 0.4169921875 0.623046875 0.416015625 0.6240234375 0.4150390625 0.6240234375 0.4140625 0.6240234375 0.4130859375 0.6240234375 0.412109375 0.6240234375 0.4111328125 0.6240234375 0.41015625 0.6240234375 0.4091796875 0.6240234375 0.408203125 0.6240234375 0.4072265625 0.6240234375 0.40625 0.6240234375 0.4052734375 0.6240234375 0.404296875 0.6240234375 0.4033203125 0.6240234375 0.40234375 0.6240234375 0.4013671875 0.623046875 0.4013671875 0.6220703125 0.4013671875 0.62109375 0.4013671875 0.6201171875 0.4013671875 0.619140625 0.4013671875 0.6181640625 0.4013671875 0.6171875 0.4013671875 0.6162109375 0.4013671875 0.615234375 0.4013671875 0.6142578125 0.4013671875 0.61328125 0.4013671875 0.6123046875 0.4013671875 0.611328125 0.4013671875 0.6103515625 0.40234375 0.609375 0.4033203125 0.6083984375 0.404296875 0.6083984375 0.4052734375 0.6083984375 0.40625 0.6083984375 0.4072265625 0.6083984375 0.408203125 0.6083984375 0.4091796875 0.6083984375 0.41015625 0.6083984375 0.4111328125 0.6083984375 0.412109375 0.6083984375 0.4130859375 0.6083984375 0.4140625 0.6083984375 0.4150390625 0.6083984375 0.416015625 0.6083984375 0.4169921875 0.607421875 0.4169921875 0.6064453125 0.4169921875 0.60546875 0.4169921875 0.6044921875 0.4169921875 0.603515625 0.4169921875 0.6025390625 0.4169921875 0.6015625 0.4169921875 0.6005859375 0.4169921875 0.599609375 0.4169921875 0.5986328125 0.4169921875 0.59765625 0.4169921875 0.5966796875 0.4169921875 0.595703125 0.4169921875 0.5947265625 0.41796875 0.59375 0.4189453125 0.5927734375 0.419921875 0.5927734375 0.4208984375 0.5927734375 0.421875 0.5927734375 0.4228515625 0.5927734375 0.423828125 0.5927734375 0.4248046875 0.5927734375 0.42578125 0.5927734375 0.4267578125 0.5927734375 0.427734375 0.5927734375 0.4287109375 0.5927734375 0.4296875 0.5927734375 0.4306640625 0.5927734375 0.431640625 0.5927734375 0.4326171875 0.59375 0.4326171875 0.5947265625 0.4326171875 0.595703125 0.4326171875 0.5966796875 0.4326171875 0.59765625 0.4326171875 0.5986328125 0.4326171875 0.599609375 0.4326171875 0.6005859375 0.4326171875 0.6015625 0.4326171875 0.6025390625 0.4326171875 0.603515625 0.4326171875 0.6044921875 0.4326171875 0.60546875 0.4326171875 0.6064453125 0.4326171875 0.607421875 0.431640625 0.6083984375 0.4306640625 0.6083984375 0.4296875 0.6083984375 0.4287109375 0.6083984375 0.427734375 0.6083984375 0.4267578125 0.6083984375 0.42578125 0.6083984375 0.4248046875 0.6083984375 0.423828125 0.6083984375 0.4228515625 0.6083984375 0.421875 0.6083984375 0.4208984375 0.6083984375 0.419921875 0.6083984375 0.4189453125 0.6083984375 0.419921875 0.6083984375 0.4208984375 0.6083984375 0.421875 0.6083984375 0.4228515625 0.6083984375 0.423828125 0.6083984375 0.4248046875 0.6083984375 0.42578125 0.6083984375 0.4267578125 0.6083984375 0.427734375 0.6083984375 0.4287109375 0.6083984375 0.4296875 0.6083984375 0.4306640625 0.6083984375 0.431640625 0.6083984375 0.4326171875 0.6083984375 0.4326171875 0.607421875 0.4326171875 0.6064453125 0.4326171875 0.60546875 0.4326171875 0.6044921875 0.4326171875 0.603515625 0.4326171875 0.6025390625 0.4326171875 0.6015625 0.4326171875 0.6005859375 0.4326171875 0.599609375 0.4326171875 0.5986328125 0.4326171875 0.59765625 0.4326171875 0.5966796875 0.4326171875 0.595703125 0.4326171875 0.5947265625 0.4326171875 0.59375 0.431640625 0.5927734375 0.4306640625 0.5927734375 0.4296875 0.5927734375 0.4287109375 0.5927734375 0.427734375 0.5927734375 0.4267578125 0.5927734375 0.42578125 0.5927734375 0.4248046875 0.5927734375 0.423828125 0.5927734375 0.4228515625 0.5927734375 0.421875 0.5927734375 0.4208984375 0.5927734375 0.419921875 0.5927734375
